0.113193
0.108854
0.124904
0.110201
0.122403
0.133595
0.124226
0.112871
0.114249
0.112695
0.116562
0.133684
0.120569
0.119068
0.118947
0.121803
0.128542
0.137421
0.123645
0.126546
0.117570
0.148273
0.118276
0.127971
0.124811
0.120848
0.113122
0.118870
0.117621
0.119252
0.123674
0.118484
0.118956
0.119170
0.131994
0.140492
0.130910
0.124010
0.133885
0.134999
0.120917
0.111257
0.125046
0.114444
0.116115
0.127702
0.108852
0.119424
0.113966
0.110726
0.120547
0.114436
0.124009
0.122242
0.123647
0.132425
0.105817
0.121828
0.121056
0.130917
0.147170
0.115784
0.120815
0.130489
0.130682
0.118010
0.120641
0.123790
0.123503
0.131204
0.120417
0.119410
0.151037
0.126302
0.121931
0.120148
0.111331
0.137071
0.116150
0.110183
0.117264
0.120863
0.118385
0.118831
0.125169
0.113793
0.121425
0.124814
0.115159
0.122288
0.117379
0.112378
0.128643
0.111281
0.370584
0.108457
0.115543
0.139797
0.129310
0.121432
0.132012
0.110314
0.120505
0.118206
0.123221
0.140773
0.136120
0.122373
0.125389
0.129410
0.120326
0.122566
0.111523
0.115523
0.106831
0.117588
0.134157
0.107155
0.112410
0.116418
0.123742
0.113931
0.134060
0.123670
0.127954
0.139607
0.111067
0.104641
0.112262
0.116726
0.115368
0.122157
0.116684
0.113029
0.117052
0.114730
0.152040
0.136386
0.105535
0.115935
0.127827
0.121501
0.109798
0.129601
0.129592
0.113003
0.135635
0.122041
0.131273
0.118103
0.132474
0.126982
0.114700
0.115837
0.123369
0.122625
0.127709
0.105161
0.136453
0.133695
0.129895
0.141183
0.130012
0.111909
0.113151
0.116793
0.116148
0.125506
0.112216
0.105976
0.117604
0.120327
0.129999
0.117353
0.128603
0.127876
0.123318
0.140537
0.123629
0.111628
0.133705
0.114174
0.136091
0.107170
0.129156
0.123257
0.125648
0.124634
0.118189
0.114846
0.125855
0.118977
0.116567
0.116993
0.119105
0.108191
0.114369
0.133377
0.129414
0.117189
0.110662
0.114439
0.120259
0.116811
0.123762
0.113782
0.134603
0.116523
0.125014
0.133358
0.112661
0.125439
0.113079
0.110449
0.110864
0.123672
0.108866
0.122306
0.134079
0.113772
0.134873
0.124814
0.117520
0.123783
0.120743
0.117026
0.121204
0.111388
0.135453
0.122712
0.115367
0.110833
0.110947
0.127659
0.120940
0.121437
0.116345
0.114832
0.121572
0.125581
0.116397
0.146892
0.124228
0.118778
0.128208
0.119790
0.114417
0.114128
0.126066
0.115685
0.115213
0.115443
0.117398
0.119568
0.114823
0.133644
