0.122342
0.065554
0.082017
0.050522
0.001956
0.000182
0.011643
0.001311
0.055470
0.003272
0.068602
0.027058
0.030803
0.015151
0.028376
0.012682
0.215481
0.158921
0.110908
0.033120
0.221917
0.035373
0.110137
0.109786
0.001420
0.127247
0.093136
0.087682
0.077796
0.087950
0.085783
0.025408
0.016941
0.060526
0.036315
0.018072
0.033389
0.085166
0.128396
0.004204
0.023022
0.064599
0.041970
0.024225
0.076611
0.016129
0.035536
0.118408
0.061263
0.156678
0.228884
0.028337
0.169199
0.149078
0.053499
0.089216
0.011200
0.158088
0.025806
0.205838
0.304881
0.061526
0.228237
0.212692
0.055413
0.167256
0.033494
0.078392
0.175756
0.195525
0.311392
0.015464
0.077783
0.144203
0.085954
0.103980
0.012256
0.108592
0.176797
0.181399
0.359884
0.037702
0.107280
0.154103
0.031625
0.130390
0.003636
0.039526
0.234579
0.159749
0.317292
0.329329
0.244406
0.067285
0.020661
0.413821
0.250848
0.411694
0.209010
0.286774
0.361562
0.082121
0.077111
0.174256
0.105403
0.063895
0.013005
0.033232
0.046211
0.203284
0.149948
0.074376
0.169825
0.076482
0.180786
0.172804
0.073685
0.112480
0.041173
0.242606
0.034575
0.097015
0.329718
0.043404
0.168731
0.178635
0.050501
0.139175
0.058006
0.037746
0.315512
0.089934
0.353811
0.063302
0.080055
0.195465
0.086648
0.100676
0.073463
0.217590
0.027191
0.225223
0.234273
0.007068
0.080853
0.118817
0.002649
0.110741
0.059045
0.200258
0.048189
0.108062
0.287809
0.004781
0.209608
0.280704
0.001113
0.126460
0.046643
0.068056
0.278935
0.175585
0.306027
0.027034
0.026302
0.194629
0.074627
0.025317
0.018738
0.074664
0.160843
0.236512
0.366642
0.054102
0.122879
0.234326
0.033799
0.037203
0.004499
0.018832
0.269976
0.146131
0.298660
0.276614
0.276234
0.071382
0.027977
0.430877
0.322212
0.416809
0.233923
0.268972
0.375505
0.031169
0.118340
0.161254
0.058891
0.091539
0.007325
0.046417
0.072953
0.024895
0.009253
0.042101
0.020775
0.004023
0.021856
0.041737
0.013038
0.033172
0.042792
0.168458
0.170470
0.026124
0.087228
0.075548
0.014226
0.023374
0.036426
0.018562
0.063859
0.105347
0.057788
0.142857
0.142499
0.034174
0.108186
0.063273
0.094215
0.046696
0.006952
0.113057
0.064641
0.023610
0.032447
0.026601
0.020371
0.041108
0.039286
0.022598
0.021818
0.041309
0.083847
0.020929
0.053597
0.062086
0.026297
0.017251
0.052790
0.026582
0.059626
0.052728
0.010398
0.077326
0.061993
0.031788
0.040531
0.088724
0.014836
0.069960
0.083928
0.054603
0.080696
0.011693
0.008134
0.048149
0.075270
0.019728
0.045798
0.055726
0.006169
0.092409
0.225084
0.006496
0.005339
0.095794
0.050106
0.006560
0.054140
0.063773
0.059936
0.055288
0.022468
0.022187
0.028562
0.086415
0.013299
0.023777
0.021919
0.026720
0.001594
0.057431
0.005793
0.044852
0.028571
0.034658
0.001246
0.028679
0.011990
0.067690
0.050166
0.006278
0.066834
0.003943
0.012212
0.050701
0.004975
0.008691
0.002833
0.016534
0.076508
0.010079
0.094763
0.017778
0.010904
0.078936
0.236707
0.010931
0.108827
0.076457
0.053863
0.001619
0.009431
0.105402
0.103657
0.099666
0.084304
0.078131
0.061213
0.031265
0.009702
0.006681
0.022249
0.135474
0.302310
0.026547
0.086400
0.077989
0.138003
0.102726
0.014319
0.054082
0.034738
0.206012
0.005404
0.238323
0.393566
0.184265
0.267248
0.310773
0.061103
0.159787
0.034513
0.171073
0.042032
0.191067
0.256174
0.049978
0.146968
0.104050
0.005580
0.059123
0.081016
0.161852
0.135997
0.095801
0.249773
0.126506
0.078671
0.053422
0.010187
0.239418
0.192109
0.232473
0.084582
0.161905
0.216938
0.052657
0.017906
0.114832
0.047542
0.044829
0.003885
0.056430
0.060270
0.251715
0.158956
0.065088
0.219562
0.018605
0.188293
0.196705
0.006028
0.131797
0.053094
0.233326
0.072109
0.121847
0.271306
0.051165
0.204403
0.151935
0.027389
0.150674
0.028122
0.060122
0.288420
0.246539
0.352926
0.065183
0.152215
0.151719
0.050660
0.088402
0.061273
0.301881
0.041842
0.189260
0.428689
0.051602
0.269194
0.305816
0.031846
0.258113
0.057398
0.186089
0.191968
0.210432
0.362787
0.089324
0.189233
0.227833
0.057432
0.218854
0.034524
0.109217
0.275708
0.210603
0.421916
0.009110
0.119862
0.255004
0.056753
0.112273
0.038473
0.078433
0.393324
0.303012
0.658354
0.117047
0.147371
0.338117
0.101293
0.215489
0.001544
0.137097
0.679829
0.531204
0.872575
0.787118
0.469258
0.159084
0.053355
0.986751
0.497997
0.953515
0.586739
0.523681
0.841181
0.066240
0.111715
0.377219
0.102737
0.196079
0.028093
0.065163
0.181953
0.225668
0.151796
0.075728
0.200898
0.007024
0.170326
0.112317
0.050569
0.123041
0.023145
0.151143
0.096385
0.110007
0.049163
0.027825
0.036174
0.012632
0.054295
0.003261
0.087947
0.099961
0.085776
0.036504
0.122551
0.017304
0.084496
0.078973
0.035955
0.004962
0.017853
0.059999
0.093184
0.071872
0.055271
0.018170
0.027497
0.034523
0.024170
0.022867
0.023466
0.000549
0.134499
0.101056
0.098501
0.036069
0.039610
0.060929
0.039971
0.025437
0.049014
0.139344
0.099931
0.105828
0.257271
0.029828
0.114707
0.195829
0.077793
0.119555
0.094515
0.072059
0.027021
0.127638
0.104377
0.018379
0.011888
0.049266
0.061909
0.028241
0.047054
0.030561
0.109574
0.030660
0.036523
0.055687
0.013678
0.031796
0.020547
0.076009
0.008252
0.070308
0.025661
0.015945
0.096811
0.008611
0.045881
0.041004
0.045144
0.054048
0.008420
0.018478
0.041216
0.233775
0.179301
0.074725
0.210465
0.019895
0.179164
0.160530
0.020772
0.103688
0.052371
0.205368
0.077802
0.194445
0.266499
0.031878
0.217156
0.159141
0.020070
0.120323
0.074034
0.039918
0.267177
0.219742
0.327417
0.030315
0.097230
0.161857
0.075900
0.117818
0.109615
0.287716
0.030414
0.119096
0.417284
0.081937
0.253065
0.349260
0.121161
0.219370
0.060473
0.205600
0.092709
0.184740
0.311208
0.013973
0.088826
0.074785
0.044728
0.148091
0.071452
0.061946
0.200982
0.139513
0.287251
0.029979
0.045622
0.127093
0.032560
0.105238
0.018944
0.165134
0.220085
0.186335
0.329552
0.007244
0.058092
0.138512
0.045336
0.125569
0.015670
0.044218
0.268840
0.128632
0.272929
0.301888
0.243859
0.031854
0.015288
0.409967
0.275916
0.397275
0.217917
0.344997
0.348703
0.100044
0.049643
0.153990
0.044847
0.106838
0.046393
0.003266
0.056453
0.233195
0.144512
0.054243
0.176490
0.037351
0.140362
0.184357
0.004839
0.160495
0.075036
0.158778
0.103034
0.136458
0.080465
0.018242
0.041211
0.017893
0.034279
0.001582
0.060232
0.099130
0.086485
0.067171
0.141136
0.004779
0.091091
0.094371
0.006872
0.074931
0.002295
0.021227
0.141569
0.075706
0.126794
0.016285
0.047761
0.022763
0.033720
0.003801
0.071982
0.089852
0.075110
0.034735
0.003488
0.020769
0.043168
0.059251
0.046391
0.028799
0.051855
0.057911
0.028742
0.007090
0.015262
0.013557
0.010025
0.006151
0.013889
0.014629
0.046780
0.153610
0.063674
0.122475
0.134235
0.050003
0.012516
0.046226
0.020437
0.046717
0.043704
0.037187
0.082777
0.015121
0.037053
0.070988
0.024750
0.008838
0.047930
0.063218
0.055694
0.058507
0.044272
0.038510
0.031977
0.049572
0.029993
0.049252
0.059436
0.017152
