0.165000
0.026399
0.042872
0.001327
0.018488
0.013034
0.018409
0.028454
0.005227
0.008287
0.028691
0.015849
0.024823
0.021606
0.010861
0.013139
0.155903
0.179912
0.077731
0.029697
0.209595
0.032769
0.051732
0.064621
0.019451
0.104082
0.101518
0.078988
0.072906
0.055694
0.005518
0.028408
0.006138
0.018797
0.060063
0.044808
0.007689
0.060427
0.068785
0.055927
0.053930
0.042815
0.035703
0.021574
0.016565
0.006094
0.041742
0.151304
0.150332
0.196970
0.216476
0.055472
0.169117
0.134885
0.030398
0.077234
0.041379
0.089142
0.168716
0.059454
0.024093
0.009306
0.068717
0.058595
0.012857
0.044334
0.074109
0.018921
0.100693
0.079072
0.126011
0.010961
0.045442
0.095693
0.101782
0.064927
0.029635
0.056049
0.094225
0.087416
0.165769
0.024378
0.028730
0.066887
0.052881
0.018907
0.027841
0.220528
0.035001
0.203069
0.410578
0.264701
0.189713
0.054500
0.010101
0.389576
0.263143
0.386691
0.201525
0.259835
0.333265
0.048115
0.054631
0.168639
0.036460
0.075177
0.018266
0.054021
0.123980
0.183267
0.131695
0.072292
0.151679
0.064865
0.173020
0.109369
0.091625
0.094475
0.019861
0.244726
0.033405
0.113119
0.304226
0.053326
0.173520
0.161539
0.099927
0.090773
0.068011
0.066287
0.274435
0.103018
0.316739
0.025400
0.105114
0.161299
0.105979
0.129721
0.059834
0.209290
0.027161
0.210862
0.166190
0.003274
0.049795
0.045282
0.023636
0.056650
0.107401
0.057270
0.133090
0.021695
0.021231
0.002567
0.026175
0.035449
0.046706
0.018437
0.048897
0.020521
0.154002
0.040650
0.094231
0.061260
0.006807
0.063410
0.016984
0.011715
0.014589
0.005708
0.081775
0.093379
0.139909
0.000565
0.065020
0.092966
0.036682
0.047110
0.065770
0.215105
0.011442
0.151013
0.349032
0.159373
0.197047
0.075904
0.001945
0.354229
0.269158
0.348440
0.166187
0.251617
0.291816
0.071618
0.036386
0.148634
0.071403
0.029021
0.036599
0.091835
0.064349
0.043814
0.019023
0.009183
0.009017
0.030478
0.031796
0.009986
0.023705
0.046340
0.044443
0.161978
0.152602
0.062754
0.110365
0.026556
0.032305
0.033908
0.019409
0.034332
0.081360
0.078525
0.039793
0.079877
0.092970
0.008994
0.105270
0.050922
0.052030
0.068291
0.003813
0.144134
0.072461
0.023308
0.104710
0.019963
0.055790
0.069379
0.012380
0.076058
0.039218
0.010468
0.167673
0.070160
0.113699
0.038248
0.023327
0.103798
0.019949
0.104221
0.005125
0.008746
0.108020
0.071539
0.203504
0.028267
0.072310
0.077309
0.005954
0.039786
0.036329
0.081667
0.138228
0.154937
0.204226
0.066290
0.049939
0.115479
0.049579
0.039816
0.044365
0.173643
0.050454
0.195317
0.438600
0.300661
0.133059
0.063412
0.007866
0.451710
0.323164
0.417650
0.188831
0.293396
0.366022
0.068105
0.047931
0.194654
0.063881
0.063487
0.008518
0.030600
0.076819
0.016462
0.026128
0.000062
0.026620
0.000849
0.002108
0.014748
0.036840
0.028117
0.090936
0.001819
0.005266
0.050896
0.001376
0.012318
0.014093
0.018715
0.024024
0.014062
0.069815
0.097561
0.030669
0.101435
0.210269
0.027870
0.121886
0.059136
0.054090
0.054936
0.035384
0.072405
0.059802
0.065399
0.084307
0.073607
0.020821
0.044889
0.028230
0.007566
0.003633
0.080045
0.037108
0.115895
0.318975
0.091598
0.201175
0.251329
0.007622
0.146206
0.046897
0.157229
0.101355
0.303742
0.437931
0.215169
0.319842
0.419019
0.048458
0.256931
0.074564
0.231019
0.104275
0.269795
0.387559
0.036291
0.165290
0.217637
0.007809
0.020603
0.130494
0.041518
0.196731
0.011877
0.118697
0.139498
0.070778
0.053606
0.024029
0.221619
0.186313
0.226191
0.126098
0.132226
0.197277
0.025289
0.035014
0.082121
0.026245
0.027586
0.011184
0.001842
0.068290
0.178575
0.129171
0.042953
0.151001
0.039178
0.138419
0.141493
0.019200
0.094675
0.000377
0.186771
0.106710
0.153867
0.268031
0.089915
0.259023
0.152079
0.025291
0.083603
0.021843
0.040647
0.227549
0.238710
0.314988
0.035241
0.129662
0.124521
0.060998
0.084277
0.045665
0.314597
0.050621
0.150444
0.409595
0.048612
0.264367
0.279675
0.042762
0.263150
0.137069
0.010219
0.126546
0.057920
0.143562
0.034860
0.094982
0.139636
0.010531
0.092491
0.007430
0.031700
0.206042
0.147291
0.289880
0.034182
0.076423
0.170617
0.019483
0.088916
0.030973
0.087340
0.188298
0.194412
0.389376
0.066629
0.076521
0.190217
0.090445
0.172930
0.054967
0.092607
0.182405
0.256499
0.400679
0.334354
0.173351
0.020367
0.019456
0.405799
0.201458
0.401217
0.243238
0.202737
0.329292
0.074185
0.048863
0.115915
0.030941
0.010215
0.012129
0.034906
0.095439
0.190931
0.131816
0.116042
0.168529
0.014805
0.178780
0.126001
0.067521
0.132424
0.027863
0.102418
0.107119
0.060067
0.020335
0.026733
0.071954
0.008239
0.018699
0.046059
0.110612
0.106345
0.040181
0.058981
0.148919
0.053134
0.116355
0.109128
0.036898
0.104219
0.019053
0.095334
0.094117
0.045256
0.033360
0.041838
0.031056
0.012572
0.028295
0.012651
0.002086
0.049453
0.098705
0.041150
0.028467
0.013605
0.037675
0.029951
0.008568
0.037521
0.056290
0.050321
0.140065
0.024055
0.078590
0.000169
0.016447
0.050303
0.029985
0.034006
0.055991
0.007647
0.023638
0.005078
0.014100
0.009387
0.020517
0.015665
0.078387
0.054112
0.029345
0.017319
0.053121
0.054748
0.083037
0.064032
0.030609
0.030312
0.052513
0.092248
0.008179
0.086161
0.061614
0.057201
0.104465
0.001908
0.012030
0.043330
0.009611
0.074771
0.047768
0.011856
0.069094
0.175132
0.160896
0.052677
0.149098
0.015383
0.157134
0.144681
0.017408
0.122851
0.066071
0.155761
0.103638
0.170592
0.245274
0.005680
0.173422
0.198766
0.020173
0.082340
0.041352
0.059612
0.228309
0.199212
0.286851
0.052679
0.058354
0.144072
0.062731
0.095362
0.078391
0.295940
0.048535
0.168844
0.414175
0.098932
0.277495
0.292188
0.129088
0.173316
0.076025
0.126742
0.377224
0.248215
0.477217
0.003148
0.176773
0.166884
0.031503
0.190295
0.075467
0.119804
0.343304
0.341164
0.572914
0.042836
0.155755
0.297990
0.128797
0.233371
0.036098
0.236800
0.218164
0.282732
0.613785
0.041713
0.109796
0.197009
0.042019
0.163530
0.040697
0.209271
0.245238
0.427226
0.874536
0.714647
0.468241
0.172884
0.070095
0.990768
0.679029
0.956777
0.546038
0.669906
0.846988
0.160997
0.147223
0.408307
0.043496
0.201046
0.030470
0.021872
0.153100
0.178461
0.130453
0.073963
0.117444
0.034102
0.094287
0.120613
0.000565
0.111509
0.050132
0.160735
0.114796
0.103822
0.070004
0.062464
0.083721
0.018203
0.011662
0.003883
0.053606
0.074873
0.030875
0.070214
0.137700
0.046324
0.090026
0.043279
0.005813
0.116608
0.003290
0.002355
0.150170
0.088853
0.173010
0.049450
0.023957
0.069103
0.042667
0.013406
0.001499
0.163011
0.004761
0.228420
0.190384
0.094986
0.230091
0.276857
0.037994
0.230228
0.104448
0.155472
0.016655
0.158802
0.185968
0.052107
0.008177
0.067989
0.002418
0.061055
0.009035
0.210431
0.042455
0.233420
0.329034
0.054917
0.196038
0.154285
0.090701
0.183962
0.041195
0.094051
0.156419
0.195153
0.228700
0.183082
0.180604
0.014034
0.062972
0.258741
0.252497
0.262141
0.241011
0.178327
0.126550
0.001530
0.146310
0.113363
0.155821
0.043576
