0.208100
0.085322
0.084994
0.021314
0.012702
0.037336
0.005020
0.018059
0.010205
0.032504
0.068783
0.042761
0.008330
0.004041
0.061561
0.003939
0.226723
0.150316
0.129751
0.053590
0.234473
0.077383
0.104551
0.124406
0.007105
0.154991
0.064297
0.144497
0.095576
0.048067
0.094964
0.008356
0.038668
0.022459
0.035640
0.035135
0.026367
0.043653
0.104465
0.025792
0.044831
0.046141
0.012835
0.030092
0.035847
0.007678
0.074257
0.119874
0.092334
0.048599
0.047326
0.104738
0.001465
0.056559
0.053315
0.014731
0.104431
0.128518
0.058882
0.117308
0.184832
0.091747
0.122229
0.130021
0.004612
0.100422
0.008125
0.039641
0.159245
0.076360
0.182576
0.017445
0.099116
0.109949
0.064590
0.060986
0.009229
0.061195
0.115676
0.114251
0.208759
0.022836
0.037893
0.084325
0.033967
0.045527
0.079547
0.174027
0.013783
0.204587
0.396244
0.286221
0.236238
0.071366
0.017043
0.422388
0.301513
0.429770
0.220434
0.309336
0.366086
0.079581
0.051234
0.202025
0.072459
0.096280
0.048566
0.042418
0.057821
0.210609
0.185727
0.078044
0.169691
0.020655
0.192804
0.167851
0.095062
0.083837
0.005647
0.221744
0.046562
0.121475
0.315502
0.045281
0.194974
0.200444
0.060171
0.079365
0.097451
0.028902
0.318282
0.085066
0.374033
0.054112
0.092501
0.159281
0.104015
0.090975
0.055624
0.125546
0.216201
0.244394
0.419523
0.003391
0.081909
0.276482
0.028610
0.123180
0.094075
0.265515
0.005400
0.176179
0.538655
0.024763
0.436430
0.483668
0.035795
0.224167
0.059841
0.148908
0.466455
0.308848
0.605314
0.013478
0.107148
0.306814
0.056729
0.087454
0.057982
0.209300
0.177834
0.408547
0.567702
0.079495
0.236823
0.302726
0.019290
0.064368
0.022969
0.330646
0.172460
0.441749
0.847383
0.481194
0.564886
0.164551
0.035233
0.995134
0.762337
0.965267
0.538691
0.706695
0.862906
0.142551
0.256720
0.399493
0.099866
0.284274
0.063350
0.106356
0.092596
0.045177
0.020134
0.008876
0.009930
0.027598
0.034335
0.021369
0.000851
0.009638
0.004369
0.135011
0.215226
0.057680
0.041931
0.015148
0.036827
0.005981
0.000024
0.037402
0.008342
0.130902
0.022297
0.130546
0.152679
0.066526
0.135164
0.127216
0.077326
0.085485
0.042731
0.191691
0.076805
0.095410
0.247663
0.111550
0.154657
0.132147
0.091042
0.110933
0.006176
0.051959
0.232061
0.134500
0.284217
0.008857
0.080986
0.124086
0.050376
0.078673
0.024669
0.164265
0.079838
0.180499
0.226710
0.005030
0.088733
0.124406
0.014590
0.099184
0.003631
0.074311
0.011364
0.119456
0.127221
0.020866
0.042692
0.009177
0.022220
0.066655
0.016851
0.092725
0.095222
0.012397
0.097820
0.010262
0.016404
0.053482
0.029564
0.023412
0.016756
0.018292
0.006527
0.018713
0.035224
0.044365
0.019152
0.006744
0.022324
0.007342
0.031002
0.045130
0.020538
0.002670
0.027641
0.058899
0.075739
0.021059
0.050912
0.004590
0.072897
0.005133
0.023059
0.006881
0.000033
0.019438
0.012979
0.008109
0.010234
0.011798
0.014914
0.007077
0.039626
0.041413
0.007660
0.107284
0.219515
0.044627
0.121424
0.155481
0.009664
0.103065
0.084350
0.080704
0.009930
0.080782
0.138952
0.024587
0.007242
0.078453
0.001545
0.028142
0.008847
0.089650
0.230094
0.003514
0.031235
0.000548
0.003715
0.030851
0.006910
0.028766
0.016854
0.129030
0.068908
0.108507
0.175267
0.048019
0.108445
0.146801
0.093095
0.102831
0.004784
0.063264
0.063107
0.013977
0.087547
0.033301
0.039092
0.076460
0.032199
0.030808
0.054233
0.090857
0.115072
0.102883
0.121964
0.052325
0.097607
0.004672
0.061225
0.087336
0.058854
0.090384
0.041373
0.085383
0.064974
0.017456
0.075162
0.025255
0.026312
0.024679
0.017527
0.000819
0.022863
0.206228
0.163129
0.084115
0.224512
0.043331
0.175913
0.175802
0.002236
0.112201
0.008670
0.191061
0.077632
0.184608
0.267806
0.066471
0.196354
0.149680
0.053630
0.155977
0.079068
0.031335
0.292181
0.233486
0.353604
0.028619
0.116251
0.182468
0.054769
0.086859
0.060724
0.009580
0.117987
0.054067
0.152440
0.020786
0.098743
0.129219
0.047177
0.124212
0.045074
0.182453
0.172718
0.154841
0.302099
0.114459
0.168102
0.170881
0.046253
0.165500
0.069954
0.041071
0.220610
0.130213
0.318887
0.033592
0.147753
0.182177
0.007761
0.094614
0.041714
0.063616
0.192306
0.178625
0.371914
0.006896
0.063214
0.155446
0.026392
0.110286
0.075250
0.154829
0.225569
0.281380
0.412128
0.336908
0.233946
0.044021
0.011248
0.424236
0.188059
0.420964
0.255080
0.191705
0.347568
0.000814
0.039542
0.127358
0.031643
0.067059
0.042934
0.021683
0.055837
0.234071
0.152108
0.032542
0.218602
0.001969
0.190183
0.139436
0.047986
0.179211
0.018528
0.173749
0.085532
0.097865
0.072319
0.038433
0.044977
0.026444
0.013572
0.019973
0.006756
0.073925
0.084263
0.050426
0.129206
0.055882
0.063735
0.094877
0.034427
0.021055
0.064857
0.141882
0.095728
0.063629
0.185313
0.097694
0.113994
0.114805
0.055597
0.076863
0.047579
0.023749
0.249854
0.102008
0.233921
0.064272
0.022228
0.181154
0.057998
0.024130
0.066416
0.232451
0.083264
0.165992
0.384752
0.082967
0.176387
0.295136
0.094157
0.173044
0.020107
0.136603
0.123375
0.217149
0.262034
0.002092
0.108551
0.138592
0.048764
0.058028
0.011211
0.029568
0.098905
0.114478
0.182265
0.145112
0.159452
0.027495
0.005093
0.221842
0.195567
0.237082
0.123739
0.179482
0.136856
0.031282
0.024076
0.047196
0.028356
0.036086
0.032034
0.061571
0.002894
0.244026
0.165800
0.085123
0.235259
0.065269
0.175389
0.170769
0.045469
0.089384
0.045723
0.229136
0.102376
0.180564
0.266115
0.058247
0.198173
0.185447
0.062716
0.081570
0.057742
0.047493
0.267521
0.207460
0.343806
0.020195
0.095815
0.142065
0.090272
0.073132
0.065453
0.051211
0.125358
0.053465
0.171997
0.017269
0.119121
0.160198
0.011707
0.049817
0.094945
0.157962
0.021277
0.089442
0.095383
0.008683
0.049044
0.041983
0.067680
0.058279
0.040836
0.030658
0.076964
0.027944
0.126246
0.003976
0.008080
0.062945
0.052626
0.043425
0.055397
0.083046
0.063733
0.085985
0.134897
0.048117
0.039189
0.044582
0.028697
0.052191
0.022844
0.119357
0.013634
0.171326
0.338452
0.217011
0.161706
0.094529
0.002561
0.356570
0.247284
0.344770
0.212747
0.299737
0.301453
0.067598
0.039243
0.139198
0.011937
0.074318
0.000363
0.017217
0.042849
0.197862
0.170493
0.075269
0.165974
0.025049
0.166862
0.188421
0.049430
0.143994
0.025075
0.159704
0.079465
0.148441
0.117689
0.032948
0.120838
0.013022
0.010100
0.012796
0.019667
0.093694
0.060764
0.055767
0.129553
0.063088
0.094351
0.084311
0.039321
0.061872
0.033891
0.074716
0.062817
0.011708
0.002245
0.052426
0.073045
0.012375
0.059930
0.033186
0.027778
0.182089
0.113321
0.126238
0.113179
0.062562
0.121268
0.054635
0.067709
0.076554
0.005701
0.046183
0.119970
0.042543
0.133763
0.021450
0.029461
0.100769
0.051324
0.034104
0.064583
0.033600
0.092743
0.019656
0.043773
0.005760
0.052119
0.104692
0.001762
0.083951
0.046993
0.042896
0.023640
0.093846
0.132733
0.045387
0.059409
0.000606
0.000883
0.096280
0.041512
0.097449
0.100798
0.057616
0.028503
0.013269
0.040389
0.081185
0.099945
0.004666
