0.152267
0.031863
0.026202
0.038697
0.017896
0.022727
0.002889
0.015846
0.015823
0.026118
0.006398
0.015328
0.012054
0.015405
0.063356
0.096031
0.238280
0.130542
0.044799
0.002502
0.218627
0.021939
0.060086
0.088910
0.033440
0.139551
0.065178
0.078129
0.164242
0.129268
0.154688
0.022677
0.073852
0.102805
0.002401
0.081289
0.047226
0.125493
0.083042
0.033326
0.101405
0.037904
0.018814
0.003745
0.004239
0.047657
0.021329
0.122690
0.105788
0.096732
0.159511
0.061775
0.115588
0.108076
0.063805
0.069467
0.088314
0.082685
0.141352
0.002733
0.009527
0.101428
0.038396
0.033639
0.014945
0.019652
0.016860
0.031717
0.113006
0.020202
0.021396
0.009079
0.028407
0.029450
0.039665
0.007194
0.026463
0.056555
0.082997
0.031379
0.002079
0.067656
0.000776
0.015067
0.027336
0.009783
0.024902
0.132598
0.135396
0.022466
0.000600
0.087897
0.007804
0.026823
0.009650
0.049997
0.030502
0.036772
0.055974
0.015007
0.032344
0.005784
0.008705
0.002534
0.003062
0.034505
0.028049
0.011709
0.036046
0.229639
0.140806
0.089217
0.172482
0.058511
0.156302
0.146980
0.046001
0.143589
0.055177
0.039323
0.031210
0.001259
0.013056
0.024084
0.019785
0.004697
0.006988
0.033277
0.031233
0.037092
0.163978
0.017730
0.094286
0.035953
0.006348
0.003502
0.057371
0.008877
0.087470
0.026448
0.168705
0.121052
0.177473
0.011949
0.005604
0.129074
0.009206
0.052280
0.036765
0.171717
0.054585
0.094574
0.317648
0.021573
0.272770
0.252747
0.089434
0.124521
0.047930
0.087220
0.258359
0.195463
0.336889
0.021718
0.048096
0.131360
0.040193
0.067775
0.085468
0.170653
0.002478
0.186800
0.168508
0.002640
0.093284
0.023243
0.060545
0.042113
0.022113
0.217333
0.051010
0.108872
0.241953
0.084707
0.094527
0.046855
0.024863
0.226692
0.169968
0.226475
0.104298
0.155588
0.219474
0.070746
0.050981
0.092745
0.038777
0.059637
0.026775
0.006501
0.040378
0.131964
0.011450
0.009663
0.025239
0.019012
0.003000
0.009149
0.011349
0.022011
0.068973
0.053599
0.085191
0.073656
0.210123
0.104661
0.114835
0.150542
0.033819
0.137087
0.003643
0.028038
0.095157
0.023718
0.025040
0.055723
0.043288
0.012823
0.041328
0.072552
0.088578
0.135890
0.065527
0.029789
0.105742
0.012875
0.034296
0.028366
0.052696
0.051053
0.029546
0.010877
0.162083
0.005282
0.125916
0.040015
0.008670
0.025556
0.069869
0.031859
0.011352
0.080113
0.065889
0.024600
0.086758
0.024492
0.011595
0.033220
0.014229
0.011883
0.047382
0.037447
0.093921
0.030427
0.047031
0.039233
0.025659
0.036391
0.029691
0.040480
0.049192
0.108853
0.248283
0.042309
0.049396
0.130509
0.100326
0.043955
0.007049
0.127570
0.115697
0.107536
0.042769
0.086572
0.094335
0.022139
0.057061
0.094825
0.000147
0.025460
0.021665
0.032847
0.023837
0.080745
0.015312
0.036526
0.004428
0.014303
0.031871
0.008161
0.048580
0.036207
0.057632
0.007827
0.009719
0.045665
0.005705
0.040657
0.034028
0.003709
0.051427
0.087903
0.004494
0.149402
0.137076
0.101783
0.150175
0.043445
0.061586
0.099171
0.042758
0.069856
0.098483
0.075938
0.046468
0.016413
0.025101
0.014151
0.026752
0.081912
0.003272
0.023518
0.051692
0.146429
0.111878
0.071896
0.161522
0.027597
0.119244
0.098958
0.014445
0.061268
0.064973
0.137472
0.152700
0.001343
0.047182
0.013816
0.021579
0.009167
0.025552
0.035895
0.028899
0.101300
0.082903
0.032156
0.066920
0.019367
0.048970
0.086373
0.054934
0.026489
0.040934
0.140146
0.257216
0.002686
0.040978
0.090943
0.026602
0.012926
0.075888
0.111766
0.103329
0.103028
0.045762
0.111957
0.136034
0.004855
0.077982
0.062896
0.018275
0.075369
0.004851
0.046455
0.061811
0.228043
0.148509
0.086230
0.211534
0.026284
0.222616
0.110022
0.018215
0.091189
0.098073
0.021229
0.015736
0.035417
0.038653
0.028720
0.008801
0.052479
0.031038
0.004624
0.073021
0.085893
0.172341
0.043574
0.082349
0.056593
0.053967
0.056651
0.073724
0.020016
0.005047
0.080056
0.070724
0.068962
0.027333
0.017590
0.017123
0.040468
0.063117
0.039815
0.044934
0.140689
0.123376
0.037390
0.168152
0.020966
0.082932
0.066815
0.038338
0.058546
0.024540
0.002151
0.118989
0.079653
0.183061
0.012441
0.029914
0.051640
0.042920
0.043559
0.106749
0.153226
0.026298
0.074781
0.076792
0.036168
0.012296
0.047618
0.057351
0.000361
0.086664
0.049889
0.126307
0.029928
0.041219
0.068867
0.072016
0.009116
0.001009
0.078148
0.064730
0.071363
0.020336
0.104766
0.056775
0.007487
0.028238
0.079056
0.014294
0.014486
0.010796
0.037507
0.049039
0.226583
0.158198
0.089126
0.131371
0.035039
0.157372
0.159456
0.053469
0.097303
0.052724
0.066954
0.126589
0.128855
0.203108
0.046107
0.027586
0.165598
0.057471
0.069275
0.107238
0.192698
0.035413
0.161865
0.388917
0.120962
0.292940
0.195688
0.038486
0.215286
0.078460
0.187617
0.035584
0.189426
0.372954
0.098862
0.314717
0.225194
0.090603
0.173622
0.084854
0.091986
0.347314
0.190437
0.415249
0.046186
0.109554
0.318900
0.098436
0.051863
0.005752
0.243453
0.074425
0.238229
0.476236
0.156128
0.261136
0.376165
0.077858
0.226752
0.036243
0.124520
0.386173
0.379581
0.628929
0.060822
0.152722
0.448093
0.058536
0.131690
0.003677
0.175604
0.527357
0.485001
0.819535
0.612622
0.514535
0.159377
0.045128
0.994735
0.517885
0.971306
0.533234
0.587375
0.792118
0.034644
0.140310
0.308871
0.110266
0.145533
0.017956
0.063571
0.136256
0.197046
0.147873
0.055385
0.156910
0.008672
0.210425
0.142684
0.023606
0.161509
0.078439
0.014917
0.022644
0.004989
0.019745
0.024900
0.014418
0.038719
0.042249
0.001346
0.052267
0.072061
0.151273
0.069734
0.090248
0.074472
0.008465
0.040997
0.033902
0.021759
0.003748
0.021149
0.116195
0.023183
0.032162
0.009776
0.002220
0.038088
0.075198
0.009603
0.007722
0.045634
0.099586
0.028152
0.055642
0.019985
0.006896
0.029676
0.019270
0.016290
0.025736
0.057613
0.030218
0.038784
0.000333
0.004452
0.072150
0.001955
0.052246
0.068969
0.044520
0.090959
0.039641
0.018894
0.038376
0.084249
0.005976
0.021035
0.034192
0.033220
0.012056
0.077544
0.201579
0.043054
0.010207
0.110520
0.055539
0.004630
0.029302
0.087703
0.087423
0.096102
0.082990
0.095581
0.078654
0.046805
0.038179
0.052893
0.019224
0.046599
0.003739
0.018569
0.056163
0.240869
0.150811
0.051370
0.142843
0.019587
0.107512
0.170890
0.007574
0.135376
0.030495
0.145344
0.128321
0.119245
0.246047
0.034644
0.082478
0.127307
0.007147
0.049449
0.034950
0.173042
0.029769
0.179013
0.381634
0.107081
0.294627
0.238809
0.086413
0.255437
0.098805
0.166562
0.041642
0.171242
0.189867
0.024016
0.063876
0.093294
0.009626
0.049159
0.043276
0.123025
0.089464
0.033600
0.006477
0.010971
0.024779
0.062272
0.054256
0.023600
0.002139
0.017336
0.066453
0.081853
0.014766
0.022145
0.013190
0.001653
0.023366
0.009261
0.062637
0.188204
0.158591
0.126911
0.174914
0.075013
0.039178
0.128194
0.070773
0.065826
0.117268
0.069361
0.110642
0.006889
0.000931
0.042648
0.045511
0.053362
0.007277
0.037378
0.073860
0.030001
0.015380
0.033859
0.051776
0.012119
0.033284
0.015523
0.012531
0.023199
