0.136095
0.112971
0.063695
0.024580
0.020837
0.018515
0.070656
0.031118
0.049365
0.042773
0.015243
0.006483
0.014821
0.000925
0.009187
0.073354
0.274406
0.076555
0.094632
0.042202
0.227183
0.064801
0.117063
0.169360
0.002819
0.182184
0.044773
0.098431
0.147899
0.100493
0.169633
0.005451
0.061712
0.119662
0.042763
0.085121
0.052250
0.136876
0.039112
0.135365
0.115921
0.033014
0.032102
0.062658
0.013934
0.030150
0.050441
0.138354
0.133938
0.121576
0.101923
0.094757
0.063842
0.062345
0.006336
0.018739
0.055493
0.079383
0.072428
0.049916
0.097463
0.048245
0.058159
0.056685
0.009770
0.083839
0.048577
0.045582
0.106607
0.071049
0.150833
0.005337
0.111637
0.121261
0.014301
0.120981
0.032966
0.068789
0.000928
0.062491
0.117683
0.056668
0.076818
0.008375
0.025178
0.014309
0.043978
0.186401
0.149272
0.008117
0.035640
0.112211
0.073174
0.014075
0.005655
0.071091
0.067336
0.077307
0.024717
0.074505
0.060799
0.070300
0.021927
0.025518
0.032875
0.005117
0.034482
0.002320
0.053757
0.285595
0.200647
0.117822
0.149766
0.009710
0.190955
0.158924
0.000979
0.152057
0.048951
0.039147
0.014051
0.039676
0.011790
0.024412
0.005074
0.048601
0.084061
0.028572
0.027808
0.021110
0.112432
0.011162
0.077878
0.018712
0.066674
0.048294
0.005189
0.042135
0.031983
0.111324
0.062267
0.103426
0.013474
0.026267
0.017541
0.062296
0.006034
0.013081
0.061073
0.131325
0.066507
0.023045
0.189774
0.043183
0.134530
0.138606
0.018522
0.050037
0.076966
0.031010
0.147900
0.060872
0.188475
0.017414
0.037225
0.119265
0.042692
0.045462
0.024311
0.093911
0.010314
0.109360
0.089345
0.000155
0.020720
0.065593
0.055235
0.040564
0.000043
0.170714
0.153348
0.058623
0.003038
0.077181
0.087979
0.035254
0.093222
0.093091
0.063479
0.089405
0.007328
0.053695
0.072866
0.004567
0.025588
0.049838
0.001083
0.047379
0.042662
0.004072
0.018928
0.027510
0.050338
0.041983
0.043529
0.055881
0.012675
0.026736
0.012221
0.030237
0.048950
0.099034
0.087131
0.052296
0.274646
0.085932
0.148494
0.129318
0.037669
0.134567
0.075746
0.025822
0.118880
0.072046
0.080499
0.048119
0.091794
0.087262
0.033359
0.073345
0.004450
0.199603
0.078457
0.126203
0.265651
0.077509
0.191325
0.181198
0.075681
0.144808
0.030564
0.049603
0.195046
0.098661
0.269492
0.014782
0.026255
0.160944
0.031447
0.072664
0.036798
0.108823
0.042224
0.147641
0.174328
0.020321
0.083834
0.081524
0.040767
0.099439
0.016611
0.014750
0.147925
0.172855
0.215429
0.042417
0.032318
0.163166
0.030683
0.108497
0.031938
0.196929
0.176056
0.133582
0.268737
0.122670
0.081747
0.102447
0.022035
0.270287
0.197443
0.278472
0.121861
0.185014
0.213290
0.025311
0.009268
0.149770
0.031956
0.053351
0.039950
0.003977
0.024060
0.031348
0.029738
0.018825
0.044977
0.055078
0.046759
0.051862
0.056169
0.014112
0.014519
0.061154
0.042516
0.019816
0.046563
0.019480
0.019654
0.009748
0.020403
0.001823
0.001632
0.218999
0.073622
0.119064
0.097655
0.012982
0.084189
0.041814
0.006301
0.038133
0.041842
0.002028
0.069078
0.006831
0.109850
0.021212
0.030578
0.049437
0.009368
0.072653
0.008024
0.108416
0.016631
0.052251
0.238124
0.075113
0.175141
0.222249
0.010080
0.091880
0.018193
0.016977
0.251319
0.055419
0.073450
0.026872
0.105136
0.134102
0.061116
0.085996
0.031482
0.140753
0.075920
0.062469
0.117691
0.029135
0.043071
0.067559
0.007874
0.025269
0.027952
0.148636
0.220419
0.039513
0.047468
0.056917
0.060566
0.059913
0.008644
0.071640
0.063497
0.055325
0.006444
0.054784
0.062833
0.059327
0.075858
0.020346
0.007502
0.061564
0.037398
0.023113
0.011802
0.255471
0.160855
0.108127
0.239330
0.022702
0.209859
0.156674
0.030464
0.187289
0.081646
0.027748
0.056576
0.012092
0.001793
0.016010
0.008873
0.008959
0.003820
0.048098
0.000721
0.036104
0.070456
0.067068
0.066506
0.007635
0.018963
0.026435
0.022280
0.031697
0.033609
0.252828
0.122696
0.058564
0.213636
0.126072
0.128808
0.173297
0.055834
0.127374
0.093192
0.037693
0.131399
0.000082
0.017224
0.044206
0.033498
0.033908
0.008721
0.016899
0.008959
0.045686
0.036274
0.025584
0.002444
0.004699
0.044713
0.031925
0.040874
0.013449
0.014719
0.032059
0.052130
0.021927
0.067393
0.066481
0.025604
0.088939
0.056519
0.031128
0.098826
0.058961
0.132094
0.006728
0.044746
0.028624
0.062709
0.032722
0.004984
0.054139
0.032206
0.059654
0.017183
0.010142
0.049497
0.021476
0.012809
0.061475
0.004094
0.001175
0.004577
0.013448
0.022704
0.238899
0.210628
0.006795
0.213800
0.065277
0.197408
0.125379
0.062934
0.152076
0.004327
0.062897
0.154215
0.152924
0.284858
0.019109
0.012539
0.131346
0.045368
0.017816
0.049867
0.167389
0.088463
0.178862
0.397364
0.055255
0.309958
0.176807
0.030846
0.247883
0.135965
0.038739
0.091774
0.049862
0.136977
0.007835
0.137516
0.113575
0.005901
0.075486
0.001098
0.120447
0.039626
0.093294
0.069022
0.057593
0.024479
0.100340
0.012797
0.023015
0.013521
0.130098
0.177952
0.057970
0.027784
0.063187
0.010392
0.012240
0.013543
0.032419
0.033490
0.005891
0.097674
0.021270
0.054803
0.013918
0.015749
0.072940
0.033352
0.016224
0.005946
0.067520
0.064048
0.012187
0.024776
0.003883
0.011503
0.004513
0.013364
0.031429
0.012690
0.033736
0.006556
0.013276
0.008749
0.049955
0.063946
0.034855
0.059307
0.025605
0.031658
0.009629
0.003927
0.259091
0.177174
0.090688
0.210374
0.090537
0.214011
0.121666
0.059397
0.117495
0.034039
0.029723
0.023301
0.003463
0.004998
0.004734
0.029000
0.002088
0.023802
0.056239
0.015658
0.062514
0.105645
0.034179
0.058342
0.005016
0.058686
0.064407
0.041126
0.006388
0.024016
0.177178
0.076573
0.098349
0.229580
0.049458
0.144203
0.176961
0.039896
0.121971
0.063096
0.047788
0.204128
0.138779
0.275763
0.008465
0.056428
0.098513
0.102715
0.105683
0.006810
0.178083
0.052834
0.135935
0.155683
0.017582
0.048141
0.068125
0.036789
0.035329
0.033120
0.009392
0.074276
0.084591
0.180716
0.001463
0.042800
0.083734
0.039652
0.049308
0.040552
0.172164
0.078385
0.153025
0.288098
0.191273
0.124724
0.035495
0.032033
0.259094
0.219794
0.258855
0.190860
0.187329
0.233778
0.072679
0.039338
0.121226
0.015291
0.053342
0.045614
0.004685
0.057199
0.259715
0.238428
0.102817
0.221614
0.074474
0.201658
0.225685
0.047457
0.207723
0.027802
0.098408
0.161234
0.102861
0.267109
0.046913
0.065408
0.124551
0.046055
0.053049
0.007463
0.193517
0.090005
0.177676
0.402519
0.125131
0.328748
0.183312
0.094277
0.287583
0.037168
0.108945
0.303141
0.209162
0.417976
0.023852
0.077651
0.207283
0.056564
0.154051
0.038324
0.276164
0.030531
0.391033
0.390843
0.168843
0.441513
0.440726
0.087068
0.283938
0.095861
0.204441
0.392204
0.365328
0.580107
0.059283
0.122770
0.309394
0.067089
0.155100
0.017700
0.373417
0.149482
0.530965
0.713862
0.176853
0.473063
0.413053
0.120642
0.470392
0.031943
0.269828
0.532144
0.662570
0.882635
0.684455
0.611032
0.093045
0.128834
0.992382
0.854991
0.992425
0.925384
0.787691
0.467588
0.077029
0.592480
0.506054
0.641428
0.158806
