0.181992
0.125930
0.046590
0.009478
0.011697
0.007460
0.029540
0.013863
0.006075
0.030590
0.031481
0.038532
0.006486
0.025963
0.019099
0.001199
0.263285
0.141260
0.130353
0.028505
0.273669
0.089860
0.141291
0.132768
0.006281
0.159073
0.045876
0.118568
0.212060
0.143812
0.182946
0.021134
0.042063
0.135305
0.031194
0.137522
0.007086
0.073884
0.225721
0.158563
0.273279
0.008114
0.008516
0.125871
0.019993
0.044663
0.021033
0.130749
0.045917
0.310001
0.466992
0.132764
0.393073
0.367098
0.056767
0.191898
0.043719
0.277341
0.042259
0.327881
0.544405
0.067849
0.437489
0.380370
0.078144
0.379921
0.063719
0.177170
0.390047
0.259739
0.610140
0.051043
0.152188
0.264734
0.152170
0.183178
0.076496
0.241599
0.288855
0.333454
0.640105
0.029148
0.234637
0.222647
0.070340
0.172302
0.103532
0.268441
0.198219
0.424598
0.888096
0.649765
0.543721
0.177191
0.022986
0.995761
0.693833
0.984358
0.560955
0.664579
0.864674
0.155967
0.139583
0.408164
0.177801
0.173085
0.015321
0.101614
0.091549
0.216184
0.200274
0.120827
0.201008
0.057711
0.234658
0.177513
0.067568
0.173685
0.035064
0.045309
0.062949
0.041984
0.065775
0.027334
0.017271
0.049754
0.036918
0.055760
0.005571
0.022887
0.130754
0.031929
0.097568
0.023647
0.046204
0.058764
0.073500
0.070360
0.051044
0.093690
0.003917
0.072169
0.045715
0.012513
0.073686
0.038593
0.008839
0.048686
0.013496
0.125471
0.116022
0.062545
0.180456
0.008975
0.125818
0.147916
0.050672
0.051430
0.034906
0.013965
0.194506
0.048655
0.199089
0.007224
0.033429
0.109635
0.050444
0.029036
0.031024
0.017245
0.099034
0.159113
0.221514
0.028533
0.096230
0.147382
0.003768
0.036803
0.014100
0.207035
0.001574
0.208768
0.402805
0.189223
0.256637
0.069058
0.054164
0.426678
0.297708
0.406321
0.228616
0.300420
0.403031
0.043146
0.059348
0.215135
0.054448
0.138232
0.044113
0.012253
0.076410
0.024205
0.015184
0.013299
0.043243
0.025088
0.027111
0.037491
0.020178
0.009285
0.042058
0.105710
0.041377
0.114973
0.245707
0.078477
0.159647
0.173138
0.000693
0.135814
0.047431
0.156196
0.123242
0.245323
0.429103
0.121353
0.373262
0.340568
0.138960
0.240014
0.052767
0.047960
0.087697
0.088251
0.176365
0.006617
0.163817
0.120101
0.087691
0.073501
0.033605
0.012227
0.168823
0.126668
0.299751
0.009067
0.029488
0.101056
0.077793
0.060392
0.071560
0.143709
0.087184
0.215576
0.201725
0.024372
0.102039
0.125814
0.016359
0.103265
0.018441
0.095277
0.013414
0.077387
0.141034
0.008725
0.039517
0.065572
0.011491
0.034605
0.040049
0.100882
0.145690
0.010084
0.091776
0.002782
0.006494
0.058539
0.009141
0.033980
0.008992
0.016062
0.007986
0.028323
0.024187
0.002184
0.026298
0.033467
0.037913
0.019735
0.006076
0.006494
0.001064
0.030490
0.007522
0.017319
0.041973
0.009665
0.031881
0.008021
0.000983
0.001885
0.008267
0.037157
0.038001
0.055209
0.067177
0.001263
0.009021
0.011650
0.041845
0.008798
0.045907
0.094881
0.095813
0.136344
0.188112
0.040921
0.066238
0.008946
0.033995
0.048615
0.038405
0.052960
0.071991
0.101807
0.065474
0.046529
0.036763
0.009085
0.029523
0.000669
0.003358
0.153109
0.225085
0.022508
0.004329
0.019942
0.051614
0.029346
0.024432
0.018989
0.029301
0.153298
0.036313
0.165710
0.203710
0.139690
0.111619
0.191537
0.032829
0.099628
0.039169
0.087627
0.067774
0.073847
0.118786
0.019821
0.034854
0.036736
0.003058
0.018577
0.041430
0.106858
0.094872
0.071868
0.110835
0.024846
0.044534
0.010133
0.018963
0.057446
0.037993
0.059613
0.059951
0.064939
0.054166
0.013828
0.034121
0.012081
0.035933
0.044935
0.002428
0.026028
0.048744
0.235655
0.196717
0.121026
0.226474
0.053290
0.225998
0.242059
0.008572
0.162748
0.042762
0.053933
0.089680
0.046208
0.016728
0.059085
0.080836
0.070549
0.035092
0.046881
0.084750
0.042076
0.091770
0.086798
0.112699
0.040113
0.093381
0.117521
0.004709
0.043176
0.019077
0.139065
0.026185
0.084903
0.238310
0.019314
0.165267
0.142514
0.018814
0.145889
0.034776
0.165180
0.147013
0.152606
0.275843
0.111957
0.167607
0.209590
0.059490
0.179195
0.037557
0.056442
0.176236
0.113856
0.322469
0.013189
0.104425
0.182876
0.033513
0.158045
0.013546
0.099320
0.205910
0.212052
0.400875
0.043080
0.045716
0.165029
0.040390
0.115795
0.064076
0.160229
0.176633
0.281301
0.392005
0.349892
0.200470
0.082263
0.043047
0.412308
0.212987
0.410112
0.248993
0.201033
0.327310
0.016174
0.042481
0.164075
0.011298
0.086601
0.001565
0.048201
0.055665
0.267828
0.207645
0.075297
0.241432
0.007997
0.216060
0.190379
0.074024
0.177336
0.014150
0.078343
0.209118
0.174556
0.353492
0.029985
0.118152
0.192585
0.112258
0.048840
0.060635
0.007300
0.099277
0.060424
0.106232
0.007413
0.092895
0.030921
0.024728
0.108153
0.018300
0.139686
0.001849
0.162374
0.223430
0.020277
0.205165
0.090322
0.064166
0.100384
0.035645
0.086077
0.040701
0.001309
0.081451
0.026415
0.081225
0.056261
0.000128
0.002200
0.039059
0.089848
0.161773
0.047719
0.046783
0.030955
0.019809
0.036004
0.009834
0.040765
0.010976
0.007386
0.007745
0.010294
0.048103
0.010027
0.054583
0.028188
0.032705
0.031990
0.024206
0.049243
0.001165
0.050905
0.076172
0.032315
0.052303
0.005018
0.004271
0.043376
0.031202
0.027497
0.018058
0.002801
0.046144
0.017260
0.011950
0.017622
0.037379
0.057263
0.001196
0.043007
0.001363
0.260490
0.207430
0.092914
0.238265
0.020777
0.222546
0.179036
0.016567
0.143554
0.040106
0.037842
0.049604
0.051921
0.025300
0.004933
0.070265
0.016553
0.002419
0.014183
0.016604
0.000621
0.089496
0.036450
0.092940
0.018947
0.064696
0.043005
0.018159
0.043170
0.042381
0.200483
0.047989
0.083743
0.242252
0.045479
0.175326
0.182200
0.053346
0.076052
0.036171
0.093129
0.004688
0.116557
0.134280
0.002410
0.070956
0.025623
0.062589
0.085010
0.003098
0.000289
0.088476
0.085129
0.136459
0.038392
0.005283
0.081553
0.027463
0.052831
0.050403
0.093497
0.051240
0.116682
0.180687
0.015961
0.012103
0.063355
0.011552
0.040539
0.047517
0.104328
0.002349
0.191633
0.382627
0.263503
0.177264
0.066883
0.017568
0.395201
0.260199
0.386759
0.246757
0.286156
0.347168
0.060902
0.067677
0.125405
0.021022
0.064097
0.016903
0.030146
0.058783
0.242362
0.230764
0.098687
0.208958
0.049170
0.172094
0.204372
0.040053
0.196567
0.017512
0.100040
0.204182
0.187939
0.359355
0.021378
0.079077
0.130460
0.079154
0.036996
0.045515
0.061096
0.093972
0.082627
0.104656
0.041984
0.113193
0.030893
0.026371
0.118332
0.004354
0.063089
0.055588
0.059313
0.068769
0.005736
0.027524
0.041008
0.017500
0.065653
0.075641
0.173385
0.092260
0.142609
0.124008
0.037079
0.126603
0.092994
0.009301
0.038544
0.018332
0.016414
0.108645
0.097401
0.121715
0.023415
0.085925
0.130617
0.010437
0.072685
0.001518
0.110228
0.103683
0.006640
0.030304
0.010050
0.057264
0.053958
0.012689
0.048715
0.024569
0.078403
0.038961
0.067987
0.091194
0.021192
0.021757
0.024286
0.021663
0.063592
0.042423
0.076922
0.078507
0.026062
0.059564
0.056853
0.069285
0.070449
0.056980
0.037018
