0.144783
0.099799
0.076900
0.024647
0.009756
0.037143
0.040893
0.018311
0.000960
0.022874
0.018098
0.011317
0.003941
0.012100
0.033803
0.115498
0.281785
0.114133
0.097099
0.036857
0.237534
0.064142
0.153694
0.147972
0.009411
0.212327
0.038318
0.168241
0.114222
0.070545
0.202504
0.017288
0.095622
0.067579
0.026475
0.033212
0.013530
0.145572
0.123117
0.183715
0.231758
0.016872
0.079384
0.148781
0.003774
0.046507
0.018225
0.126686
0.280839
0.029524
0.113775
0.021475
0.146400
0.122747
0.041103
0.090927
0.020729
0.249420
0.101240
0.174013
0.341228
0.078276
0.250045
0.225603
0.030373
0.192961
0.107279
0.174256
0.031473
0.138258
0.254653
0.012635
0.060740
0.121424
0.032039
0.063957
0.079343
0.020856
0.040239
0.060656
0.186775
0.031912
0.080577
0.047939
0.038670
0.071563
0.077134
0.075391
0.088020
0.010903
0.098347
0.011633
0.034444
0.016573
0.043596
0.028937
0.004253
0.020573
0.000294
0.010118
0.026918
0.056923
0.000885
0.013501
0.029410
0.024010
0.029703
0.027720
0.015133
0.247854
0.173177
0.104038
0.202202
0.033983
0.170528
0.164860
0.045046
0.170861
0.082890
0.013164
0.002642
0.005226
0.007960
0.051838
0.016987
0.013381
0.027069
0.026807
0.034032
0.028527
0.120584
0.008029
0.125939
0.015180
0.024076
0.034642
0.066271
0.004825
0.074603
0.002877
0.181645
0.047506
0.166485
0.002518
0.046783
0.150217
0.026950
0.034565
0.027178
0.232665
0.032227
0.102497
0.340943
0.045536
0.248947
0.302310
0.080043
0.137421
0.138269
0.147510
0.037136
0.151364
0.215660
0.052903
0.095740
0.079791
0.052984
0.052489
0.025131
0.082212
0.029489
0.092702
0.106248
0.012080
0.019844
0.040756
0.038147
0.031326
0.051694
0.067121
0.082599
0.007783
0.078471
0.013304
0.036905
0.028906
0.029168
0.020586
0.046653
0.029629
0.005493
0.030896
0.002639
0.019499
0.015150
0.003762
0.037257
0.001897
0.042199
0.070860
0.001401
0.014395
0.013114
0.030383
0.069885
0.056387
0.027950
0.047313
0.051057
0.024027
0.022030
0.093142
0.108680
0.106143
0.312794
0.071937
0.224174
0.178303
0.048841
0.113007
0.033991
0.200041
0.103124
0.298896
0.412898
0.136414
0.325739
0.337443
0.062775
0.255085
0.085454
0.329522
0.091516
0.151248
0.482357
0.056226
0.319164
0.365087
0.129961
0.217621
0.054011
0.106185
0.447894
0.253551
0.528970
0.065358
0.044886
0.224525
0.106914
0.145247
0.004592
0.157355
0.364127
0.316546
0.605927
0.052818
0.217213
0.299917
0.080903
0.200920
0.012076
0.264983
0.253564
0.394991
0.629514
0.042794
0.141394
0.294914
0.041940
0.138409
0.030981
0.283653
0.323503
0.341434
0.875929
0.706501
0.359744
0.209215
0.022357
0.992615
0.708528
0.954741
0.462866
0.700902
0.830145
0.199435
0.150132
0.416633
0.074199
0.152573
0.012451
0.072847
0.138176
0.027952
0.013225
0.040266
0.041936
0.011861
0.034849
0.110575
0.091541
0.074922
0.100242
0.016208
0.013050
0.007896
0.007072
0.020092
0.019653
0.046118
0.032907
0.009119
0.016163
0.062333
0.066301
0.075955
0.157517
0.024929
0.057599
0.101858
0.018658
0.063745
0.077754
0.030572
0.057908
0.006833
0.027083
0.019927
0.085995
0.008434
0.088953
0.008468
0.010152
0.104324
0.175763
0.070787
0.162563
0.076596
0.089317
0.128846
0.006785
0.073730
0.014415
0.149960
0.066825
0.124617
0.194459
0.081138
0.124714
0.155116
0.010006
0.104167
0.066613
0.149816
0.034685
0.099399
0.096663
0.015985
0.073516
0.050095
0.058882
0.032267
0.036474
0.076307
0.134839
0.054596
0.112618
0.044295
0.069415
0.043583
0.024145
0.062750
0.066959
0.052412
0.014195
0.092638
0.063973
0.024113
0.022116
0.061871
0.060911
0.013371
0.019174
0.022670
0.052381
0.260919
0.182975
0.066150
0.242834
0.106931
0.216599
0.164349
0.051771
0.157947
0.050355
0.007787
0.017251
0.040886
0.008840
0.063755
0.043660
0.028031
0.007530
0.052859
0.087981
0.034845
0.126428
0.058227
0.044045
0.015377
0.025897
0.047058
0.039080
0.025841
0.008449
0.142456
0.039623
0.008338
0.053586
0.036678
0.055031
0.014221
0.017756
0.009968
0.045497
0.107926
0.168774
0.048576
0.173573
0.047172
0.090513
0.066236
0.058301
0.116601
0.004412
0.027556
0.020250
0.032849
0.040774
0.004623
0.018535
0.022283
0.078885
0.045789
0.080686
0.047949
0.056199
0.002171
0.009330
0.020802
0.015331
0.040001
0.010617
0.002409
0.030173
0.006495
0.011811
0.045572
0.057872
0.064767
0.013193
0.002480
0.006462
0.059819
0.032909
0.064290
0.043066
0.037658
0.027807
0.045930
0.000211
0.008926
0.026377
0.001398
0.025452
0.052321
0.025341
0.242397
0.207397
0.027103
0.181991
0.020163
0.168577
0.184460
0.014004
0.138083
0.057976
0.085579
0.158454
0.167900
0.262114
0.040504
0.009755
0.112279
0.024255
0.059775
0.012163
0.046327
0.120754
0.031158
0.085257
0.018172
0.072506
0.056794
0.033070
0.052961
0.022332
0.050398
0.105502
0.024133
0.029425
0.023112
0.017622
0.013157
0.038408
0.005683
0.022446
0.084805
0.102559
0.021260
0.070007
0.052453
0.060898
0.059100
0.017116
0.026746
0.031450
0.057299
0.119570
0.030082
0.043215
0.018158
0.021557
0.024902
0.031202
0.004520
0.065588
0.005098
0.049097
0.019365
0.046284
0.029973
0.039388
0.049020
0.020734
0.018638
0.041144
0.043882
0.032346
0.050668
0.117413
0.062148
0.029950
0.033735
0.037060
0.128175
0.023448
0.132004
0.068920
0.082316
0.122254
0.018750
0.039658
0.028757
0.001411
0.046427
0.034513
0.014135
0.050295
0.256318
0.178800
0.116516
0.189626
0.006593
0.230242
0.159818
0.081979
0.119553
0.026206
0.060203
0.000311
0.056457
0.019335
0.035448
0.004460
0.010986
0.059148
0.029348
0.018950
0.013836
0.104000
0.008501
0.094783
0.025824
0.032426
0.045430
0.025100
0.038424
0.002904
0.098226
0.123770
0.065962
0.055827
0.049968
0.046398
0.022242
0.027159
0.034827
0.005336
0.077069
0.164168
0.008509
0.065061
0.040106
0.087146
0.001466
0.027649
0.032673
0.099375
0.020265
0.131991
0.126335
0.148164
0.047475
0.038563
0.105887
0.030206
0.110910
0.086633
0.047541
0.130852
0.060847
0.203093
0.029271
0.072022
0.085231
0.018231
0.093183
0.078849
0.117822
0.046970
0.201011
0.418007
0.343217
0.202005
0.071977
0.053692
0.455744
0.337909
0.425080
0.209240
0.374535
0.381360
0.079862
0.102807
0.179551
0.010308
0.093848
0.035017
0.029023
0.079755
0.235135
0.235926
0.114014
0.192162
0.044059
0.233589
0.247847
0.090546
0.210361
0.010936
0.085166
0.162637
0.096468
0.269731
0.007728
0.094576
0.061813
0.019860
0.030654
0.012374
0.028994
0.150276
0.008080
0.075763
0.010331
0.046311
0.019651
0.007959
0.080960
0.020705
0.048992
0.147403
0.081254
0.136634
0.025565
0.039628
0.095110
0.004747
0.046992
0.012317
0.196899
0.055112
0.252110
0.284012
0.132563
0.291124
0.288744
0.078310
0.202454
0.093697
0.126896
0.036333
0.179810
0.212296
0.004986
0.028654
0.096486
0.008657
0.060794
0.016156
0.198216
0.005834
0.263881
0.355227
0.110750
0.252977
0.179923
0.039443
0.235004
0.038410
0.174854
0.145816
0.227064
0.253596
0.203690
0.182047
0.038385
0.085698
0.266891
0.230580
0.287156
0.264589
0.179660
0.101450
0.042371
0.132292
0.171970
0.151056
0.031535
