0.135801
0.135312
0.078307
0.004904
0.025259
0.039604
0.014504
0.015221
0.017663
0.032786
0.029426
0.018150
0.025512
0.010503
0.030161
0.014359
0.195708
0.165328
0.062172
0.056605
0.185610
0.032309
0.090059
0.080151
0.082456
0.108461
0.037911
0.085130
0.057230
0.089328
0.046270
0.014239
0.044603
0.014892
0.031751
0.020543
0.085523
0.044301
0.091449
0.018045
0.084891
0.001161
0.009403
0.039183
0.034354
0.021794
0.006968
0.115074
0.085671
0.139741
0.217357
0.112678
0.163327
0.162783
0.039250
0.111529
0.108591
0.037380
0.118117
0.052802
0.055613
0.019997
0.031583
0.097840
0.028456
0.079431
0.077069
0.032053
0.147611
0.070220
0.166066
0.028379
0.033483
0.060799
0.031142
0.053076
0.016500
0.082642
0.017708
0.062719
0.138583
0.024872
0.049492
0.022754
0.012838
0.000031
0.047932
0.084746
0.105644
0.042336
0.085021
0.046491
0.041893
0.003663
0.052545
0.065507
0.053719
0.067520
0.029148
0.065036
0.057164
0.004870
0.032290
0.034015
0.043577
0.016122
0.046200
0.000279
0.107170
0.193112
0.160077
0.106513
0.196026
0.033748
0.156250
0.115924
0.087592
0.174343
0.019872
0.193551
0.057990
0.115888
0.321215
0.029173
0.177610
0.130765
0.076009
0.162894
0.059252
0.076560
0.290270
0.115141
0.334665
0.005402
0.060946
0.153419
0.126247
0.052880
0.074938
0.208223
0.000530
0.216964
0.209500
0.003261
0.041702
0.072149
0.048616
0.026645
0.040609
0.023746
0.154151
0.048993
0.014451
0.005273
0.036859
0.056115
0.036029
0.018138
0.039920
0.020565
0.166545
0.032793
0.117389
0.029926
0.014265
0.060971
0.031245
0.001976
0.020397
0.034424
0.016618
0.070120
0.098102
0.019221
0.012327
0.053199
0.022720
0.092073
0.039991
0.080020
0.105241
0.092409
0.111577
0.015022
0.042537
0.005165
0.004889
0.090234
0.098038
0.100996
0.052444
0.099136
0.100711
0.027241
0.030639
0.078815
0.000573
0.085583
0.023165
0.005244
0.010288
0.083442
0.003418
0.025360
0.048383
0.041048
0.015482
0.122740
0.028921
0.011198
0.010170
0.158840
0.128122
0.051411
0.126757
0.036021
0.008453
0.024975
0.012523
0.026187
0.111585
0.083796
0.049808
0.132176
0.083190
0.014144
0.084951
0.055524
0.055740
0.019508
0.030307
0.107721
0.095214
0.015151
0.044135
0.002073
0.033612
0.013438
0.025072
0.063667
0.016649
0.043997
0.092595
0.048409
0.064360
0.010262
0.007716
0.036750
0.059977
0.051055
0.076971
0.050472
0.156834
0.107296
0.111893
0.058533
0.045996
0.080759
0.037878
0.051644
0.000078
0.105464
0.026293
0.084342
0.072676
0.060560
0.061655
0.058701
0.025680
0.009955
0.015272
0.138692
0.129411
0.068644
0.132357
0.021368
0.015233
0.002263
0.007107
0.061207
0.038607
0.055950
0.014246
0.038912
0.052751
0.021258
0.003083
0.032116
0.038997
0.014901
0.004883
0.019581
0.027446
0.103268
0.024023
0.004111
0.042214
0.020387
0.023142
0.060734
0.044380
0.008343
0.020596
0.007452
0.042345
0.048612
0.012364
0.011504
0.038044
0.065594
0.040172
0.057998
0.072906
0.108366
0.018351
0.095488
0.241134
0.007300
0.177597
0.101233
0.038654
0.084989
0.052533
0.154360
0.083281
0.088957
0.114445
0.032163
0.089502
0.059392
0.021575
0.014721
0.038335
0.076449
0.048619
0.126460
0.401478
0.100005
0.316733
0.269972
0.040989
0.171684
0.025275
0.217333
0.099127
0.323038
0.577034
0.265797
0.377284
0.472875
0.039803
0.250834
0.052240
0.174513
0.187734
0.412549
0.595950
0.036620
0.239099
0.333040
0.060330
0.108160
0.074842
0.283341
0.200727
0.420596
0.844869
0.593620
0.453523
0.179212
0.045443
0.997031
0.814494
0.965484
0.444104
0.698022
0.830432
0.129186
0.192794
0.371409
0.094069
0.132975
0.051614
0.045783
0.014730
0.225206
0.094962
0.056830
0.218574
0.002130
0.151298
0.088875
0.048054
0.128916
0.033147
0.172677
0.049927
0.158267
0.299273
0.052731
0.187952
0.142816
0.057556
0.145497
0.046393
0.020386
0.248745
0.250339
0.343792
0.009681
0.072105
0.188265
0.080230
0.104909
0.052824
0.323065
0.025227
0.182596
0.482886
0.073234
0.289969
0.368372
0.095909
0.262922
0.097807
0.049275
0.095382
0.038085
0.230274
0.018682
0.139317
0.135731
0.006729
0.139595
0.023422
0.022490
0.217058
0.183435
0.314145
0.029759
0.111886
0.130733
0.049832
0.096590
0.002532
0.191115
0.118691
0.189901
0.313610
0.025815
0.122683
0.155596
0.031894
0.084815
0.025459
0.047791
0.135353
0.130593
0.206650
0.198265
0.121944
0.027340
0.009147
0.227306
0.152868
0.224346
0.125783
0.142223
0.204891
0.080671
0.035587
0.118319
0.045145
0.075580
0.030268
0.110019
0.087797
0.217325
0.178566
0.093762
0.121372
0.022686
0.166770
0.103604
0.044698
0.054292
0.051678
0.126520
0.104757
0.065903
0.077087
0.015136
0.026543
0.012167
0.024184
0.010707
0.098252
0.132142
0.049475
0.076983
0.139951
0.082552
0.099563
0.031219
0.021815
0.085696
0.013040
0.083117
0.121870
0.010626
0.017097
0.011986
0.034168
0.007868
0.009971
0.021617
0.053246
0.059694
0.105790
0.036515
0.039891
0.011291
0.014799
0.067079
0.004387
0.040083
0.025074
0.045673
0.133716
0.040460
0.091367
0.036194
0.001100
0.036839
0.081293
0.009655
0.028567
0.007400
0.076358
0.058556
0.103453
0.020583
0.032082
0.137423
0.049970
0.041202
0.116499
0.041503
0.049237
0.080177
0.151372
0.037603
0.022014
0.031624
0.035089
0.113553
0.043988
0.107473
0.069590
0.016308
0.107042
0.065030
0.038485
0.087133
0.034052
0.000543
0.002689
0.035366
0.090672
0.225790
0.131365
0.065935
0.173014
0.024957
0.166698
0.129078
0.051864
0.100639
0.034730
0.211054
0.090937
0.203995
0.281403
0.062589
0.213860
0.188251
0.014401
0.120958
0.026167
0.008387
0.264821
0.200760
0.307852
0.022252
0.055898
0.164556
0.004508
0.097398
0.032155
0.311600
0.025043
0.163891
0.470867
0.148456
0.320341
0.362979
0.143172
0.245766
0.067505
0.171148
0.389045
0.247536
0.515646
0.062620
0.126388
0.250740
0.076954
0.214997
0.023355
0.171205
0.287547
0.310281
0.499334
0.020054
0.160707
0.255897
0.062124
0.156029
0.047963
0.262374
0.122753
0.220091
0.372701
0.024389
0.072697
0.110565
0.028643
0.053287
0.023096
0.002384
0.208652
0.009165
0.131901
0.185624
0.122573
0.037093
0.002800
0.217740
0.098412
0.213190
0.084104
0.126301
0.218942
0.069194
0.029144
0.108085
0.059788
0.086576
0.037567
0.060119
0.089293
0.210185
0.146260
0.048308
0.154723
0.034593
0.154861
0.148708
0.055426
0.139106
0.098260
0.121828
0.079654
0.063996
0.052831
0.022828
0.026282
0.004633
0.044050
0.003143
0.064110
0.094768
0.054215
0.095344
0.146641
0.045351
0.085214
0.083664
0.008456
0.104759
0.007703
0.022786
0.142976
0.088362
0.202268
0.036982
0.046028
0.096534
0.033186
0.021454
0.002750
0.170972
0.029182
0.220069
0.189387
0.085051
0.231553
0.226752
0.066220
0.152850
0.155809
0.120903
0.016581
0.145278
0.159542
0.001776
0.023731
0.100579
0.022414
0.025233
0.027922
0.103325
0.165327
0.043540
0.000191
0.056128
0.016867
0.001033
0.019250
0.044091
0.095162
0.031167
0.045823
0.038225
0.093884
0.033121
0.026947
0.027936
0.037534
0.068900
0.073108
0.071430
0.062066
0.053960
0.069595
0.008385
0.073908
0.053582
0.015877
0.036046
