0.120726
0.128623
0.132072
0.121333
0.142936
0.234760
0.135425
0.110321
0.147815
0.121003
0.125325
0.118449
0.136150
0.123135
0.135916
0.135974
0.136797
0.136116
0.114000
0.132629
0.112230
0.115606
0.152006
0.109573
0.135458
0.125598
0.114380
0.167165
0.131307
0.121197
0.163438
0.128464
0.133687
0.163653
0.122839
0.165036
0.141820
0.188435
0.119756
0.119398
0.145082
0.136383
0.119266
0.185477
0.136076
0.121588
0.113395
0.134547
0.121865
0.128104
0.120902
0.128587
0.122487
0.128576
0.125531
0.110313
0.123891
0.130774
0.126838
0.150573
0.130968
0.122687
0.139602
0.111041
0.138966
0.122540
0.141636
0.128572
0.129057
0.126270
0.112920
0.172322
0.128355
0.129684
0.128892
0.109428
0.141562
0.147644
0.127302
0.125820
0.117536
0.152818
0.123657
0.152328
0.123439
0.141604
0.143007
0.118316
0.150258
0.118760
0.127259
0.121673
0.128200
0.122752
0.131484
0.128870
0.198640
0.219710
0.152436
0.211242
0.123194
0.164763
0.211530
0.139516
0.114234
0.162954
0.138479
0.135277
0.142675
0.141952
0.124512
0.123055
0.135054
0.177224
0.149511
0.115183
0.117230
0.125750
0.155473
0.153020
0.118349
0.162220
0.117277
0.134437
0.129342
0.153566
0.135088
0.118895
0.131574
0.127488
0.131056
0.146699
0.140301
0.108231
0.147978
0.132702
0.136228
0.125454
0.145909
0.137817
0.205561
0.138827
0.148196
0.145217
0.125336
0.117970
0.125737
0.136901
0.147064
0.119173
0.118280
0.138080
0.232320
0.135592
0.142595
0.124276
0.192514
0.152680
0.161672
0.160129
0.108123
0.122692
0.116000
0.154904
0.116466
0.138041
0.122108
0.119188
0.134069
0.123309
0.128003
0.130344
0.106078
0.124800
0.124317
0.175055
0.119893
0.123619
0.122351
0.125013
0.129565
0.127077
0.125770
0.118215
0.112534
0.122447
0.178450
0.126966
0.173262
0.137945
0.165588
0.157704
0.159787
0.121073
0.200521
0.144574
0.147094
0.115207
0.121344
0.118212
0.119308
0.114552
0.123187
0.119049
0.137951
0.127813
0.138892
0.172186
0.127617
0.118033
0.119757
0.118330
0.129558
0.114683
0.124272
0.143683
0.122129
0.115314
0.108798
0.123750
0.132209
0.134931
0.124084
0.135838
0.128630
0.124533
0.146143
0.125280
0.111913
0.137481
0.126950
0.132799
0.142806
0.123571
0.117971
0.144928
0.131149
0.138260
0.187259
0.126588
0.128863
0.123231
0.120220
0.121207
0.975316
0.110980
0.124127
0.128131
0.115053
0.122947
0.163129
0.122050
0.118516
0.130662
0.156458
0.125372
