0.126030
0.127789
0.139145
0.160915
0.124090
0.119647
0.123429
0.129083
0.135025
0.118991
0.116299
0.138946
0.114780
0.118914
0.139971
0.115044
0.122095
0.119328
0.120115
0.121670
0.127492
0.121059
0.131646
0.128189
0.118000
0.122559
0.130594
0.121608
0.114591
0.130665
0.120138
0.125188
0.120177
0.127203
0.123946
0.130751
0.122082
0.128944
0.115084
0.161777
0.133924
0.134415
0.113127
0.126321
0.110167
0.114242
0.164596
0.152301
0.137223
0.117989
0.120686
0.141641
0.119730
0.118876
0.112423
0.122579
0.138068
0.188474
0.133590
0.115624
0.120044
0.220092
0.121373
0.119943
0.114816
0.120504
0.124471
0.124080
0.134687
0.118274
0.157891
0.131126
0.162656
0.117727
0.119363
0.116474
0.125479
0.120532
0.115508
0.117813
0.133116
0.114849
0.145312
0.120819
0.140313
0.128855
0.133428
0.125554
0.113190
0.104201
0.129640
0.113985
0.141145
0.115074
0.125160
0.147960
0.124859
0.985073
0.133799
0.132557
0.111453
0.113116
0.132979
0.125440
0.142069
0.112548
0.121640
0.120985
0.136127
0.129696
0.128078
0.180613
0.133031
0.134498
0.123519
0.119294
0.130211
0.125326
0.118551
0.119590
0.130461
0.120842
0.130070
0.115371
0.121065
0.136741
0.123447
0.129767
0.110689
0.117876
0.129633
0.115701
0.115485
0.184225
0.111749
0.113044
0.151277
0.133987
0.121267
0.178402
0.132623
0.129581
0.134318
0.128474
0.152894
0.123106
0.118909
0.132099
0.143510
0.138038
0.155010
0.113607
0.137584
0.141279
0.110575
0.139650
0.135563
0.120456
0.115964
0.121938
0.217086
0.128583
0.122256
0.118743
0.120281
0.136125
0.127491
0.118439
0.137761
0.142382
0.121313
0.129743
0.125829
0.139486
0.128200
0.143685
0.121385
0.127351
0.125984
0.117140
0.123920
0.117461
0.119271
0.114730
0.122585
0.122942
0.122003
0.119681
0.116578
0.117163
0.124951
0.159854
0.128752
0.112002
0.117987
0.125672
0.157118
0.129231
0.125834
0.117629
0.122299
0.123947
0.150406
0.148461
0.135737
0.129686
0.126489
0.119932
0.125652
0.139733
0.125767
0.131137
0.129278
0.132473
0.145167
0.114104
0.107672
0.110311
0.119023
0.208803
0.129461
0.125239
0.118716
0.140697
0.118954
0.116856
0.116927
0.126839
0.118544
0.120442
0.122637
0.115388
0.111121
0.110067
0.113920
0.117006
0.117739
0.123493
0.178037
0.138547
0.148809
0.119180
0.130755
0.147336
0.116828
0.124717
0.140976
0.121177
0.123341
0.144563
0.125411
0.122672
0.111909
0.114284
0.123856
0.117259
