0.120811
0.115024
0.113008
0.117105
0.121178
0.130061
0.126369
0.114134
0.196785
0.122335
0.138889
0.113669
0.112925
0.124071
0.124253
0.142116
0.157218
0.114639
0.125506
0.181789
0.121783
0.114892
0.110570
0.107519
0.124981
0.135530
0.128824
0.126603
0.119625
0.980053
0.128592
0.108938
0.117296
0.116335
0.128162
0.164808
0.120880
0.127975
0.118822
0.121278
0.128029
0.128534
0.139907
0.143122
0.132403
0.127142
0.147428
0.122279
0.117516
0.122126
0.121563
0.140709
0.119996
0.116592
0.135789
0.123935
0.137491
0.129302
0.188064
0.267356
0.126223
0.129072
0.130040
0.109756
0.115210
0.184755
0.134815
0.136333
0.106695
0.169931
0.125755
0.133349
0.112949
0.119678
0.130041
0.126606
0.140232
0.124588
0.114037
0.115563
0.160747
0.182295
0.213412
0.145290
0.133741
0.122661
0.136156
0.122938
0.119755
0.113234
0.118742
0.140076
0.126946
0.126865
0.136079
0.154341
0.116311
0.111270
0.123971
0.117922
0.124087
0.121800
0.127317
0.116030
0.115716
0.115700
0.133598
0.110441
0.121186
0.150464
0.120569
0.191177
0.123140
0.180442
0.116314
0.112477
0.121964
0.149903
0.120482
0.143722
0.150142
0.128462
0.123848
0.127685
0.147484
0.130558
0.114027
0.127292
0.118250
0.118930
0.116146
0.127732
0.127675
0.121201
0.135650
0.127967
0.191024
0.155352
0.135219
0.127767
0.148022
0.126624
0.133554
0.152137
0.134812
0.121558
0.120869
0.114785
0.114822
0.119899
0.123984
0.171571
0.119739
0.118022
0.129407
0.162316
0.126285
0.119627
0.133899
0.143627
0.125961
0.126363
0.119738
0.112802
0.126553
0.118404
0.127989
0.196198
0.105043
0.118286
0.127344
0.117716
0.114841
0.128930
0.123072
0.176468
0.120934
0.136974
0.127751
0.117060
0.115059
0.117300
0.131931
0.184114
0.202740
0.125490
0.132408
0.131534
0.171788
0.105439
0.128896
0.111229
0.137432
0.134715
0.137046
0.113405
0.120799
0.118728
0.141795
0.132377
0.117784
0.130345
0.125225
0.128163
0.111717
0.145117
0.123382
0.113233
0.126616
0.130624
0.132857
0.138997
0.124754
0.134670
0.120596
0.143163
0.120499
0.128227
0.115678
0.122775
0.208894
0.143777
0.122012
0.131727
0.109606
0.124069
0.109813
0.126120
0.122214
0.124012
0.124277
0.120581
0.125278
0.123473
0.114013
0.119099
0.117454
0.171098
0.127325
0.139996
0.113188
0.117365
0.127569
0.131916
0.111277
0.120853
0.123816
0.191839
0.115693
0.141399
0.129529
0.135273
0.148247
0.128355
0.117759
0.118610
