0.126363
0.109248
0.129050
0.117045
0.134732
0.116025
0.125540
0.133397
0.114656
0.130422
0.126009
0.142569
0.116818
0.117486
0.116137
0.128597
0.119808
0.128472
0.116848
0.114425
0.135563
0.118089
0.157907
0.113402
0.114097
0.108888
0.131018
0.108902
0.116634
0.150510
0.145062
0.138765
0.128063
0.125952
0.113310
0.113021
0.132214
0.142227
0.120019
0.108671
0.135489
0.200718
0.130804
0.129817
0.116821
0.119240
0.154363
0.131135
0.114722
0.122483
0.110688
0.120794
0.125982
0.121018
0.132039
0.122360
0.128285
0.115213
0.213817
0.124932
0.102185
0.113088
0.168219
0.129367
0.176699
0.116090
0.127996
0.185392
0.121868
0.125430
0.117620
0.142303
0.121234
0.130691
0.117158
0.129506
0.126040
0.152295
0.113659
0.142142
0.113368
0.124932
0.151743
0.140136
0.116427
0.137737
0.167350
0.124693
0.124564
0.134877
0.151231
0.137379
0.118260
0.160894
0.126110
0.117770
0.120875
0.109953
0.129090
0.120720
0.108687
0.120978
0.985973
0.123278
0.177703
0.110140
0.136532
0.120880
0.136885
0.119515
0.120629
0.154285
0.146212
0.120296
0.109453
0.150047
0.111183
0.141291
0.134933
0.135723
0.116026
0.115304
0.117841
0.126075
0.140311
0.132629
0.121830
0.116330
0.114112
0.117669
0.200502
0.120249
0.122537
0.129306
0.122591
0.118103
0.137750
0.113766
0.115144
0.140503
0.230867
0.141180
0.112577
0.119610
0.122596
0.112844
0.115030
0.128227
0.119918
0.113855
0.139443
0.118854
0.119681
0.124517
0.121761
0.122277
0.118913
0.145684
0.143552
0.122329
0.143747
0.119619
0.125246
0.134885
0.112356
0.155404
0.120317
0.193512
0.111289
0.153266
0.112071
0.126091
0.124815
0.196063
0.115208
0.181279
0.119121
0.127111
0.131897
0.134280
0.139719
0.110549
0.127602
0.125397
0.116698
0.130157
0.167741
0.120696
0.112641
0.124395
0.110205
0.186788
0.110618
0.130217
0.119502
0.191826
0.127493
0.113087
0.119208
0.124241
0.135483
0.126804
0.127074
0.112455
0.155243
0.118581
0.129406
0.125540
0.118314
0.126296
0.129944
0.132087
0.133289
0.118041
0.117050
0.123787
0.117727
0.128907
0.115009
0.150924
0.181874
0.130709
0.141458
0.138489
0.127717
0.115573
0.107821
0.113709
0.119797
0.110050
0.128261
0.141913
0.141478
0.131317
0.127630
0.148940
0.112031
0.134392
0.141618
0.121216
0.121772
0.125856
0.134246
0.148965
0.111916
0.153703
0.122167
0.161317
0.127487
0.121392
0.120934
0.116416
0.113346
0.122947
0.119894
0.120917
