0.116165
0.132916
0.133674
0.114669
0.115131
0.110068
0.139198
0.119792
0.149874
0.124915
0.150582
0.123238
0.140029
0.125550
0.117042
0.123096
0.109210
0.137832
0.143438
0.115575
0.135119
0.115420
0.118253
0.176108
0.126902
0.118024
0.129074
0.124317
0.114873
0.142812
0.121993
0.123332
0.130212
0.122451
0.115584
0.128078
0.140331
0.105518
0.119648
0.116921
0.115953
0.108044
0.238098
0.128314
0.163138
0.113640
0.123881
0.129844
0.142411
0.153313
0.153041
0.125020
0.135086
0.117417
0.121117
0.149361
0.243058
0.164243
0.171523
0.164450
0.143978
0.147776
0.144048
0.118687
0.145307
0.110889
0.125224
0.119301
0.200603
0.128358
0.133691
0.131805
0.120088
0.133441
0.140316
0.131113
0.186980
0.188665
0.216286
0.161345
0.123386
0.136715
0.127592
0.131778
0.112091
0.125512
0.124943
0.115197
0.117943
0.156614
0.145549
0.120038
0.149578
0.135653
0.134112
0.153873
0.118034
0.136621
0.114782
0.137909
0.120680
0.116291
0.124064
0.157102
0.138882
0.133837
0.132326
0.118665
0.125878
0.147946
0.113936
0.149694
0.119996
0.109655
0.135559
0.114424
0.139163
0.121071
0.169291
0.116639
0.133098
0.137033
0.140159
0.131642
0.145675
0.119860
0.149872
0.133942
0.107027
0.114579
0.131412
0.119327
0.127756
0.119263
0.129320
0.131910
0.151268
0.115074
0.119502
0.138724
0.127780
0.128521
0.131709
0.129123
0.153074
0.135392
0.156384
0.142500
0.123105
0.123857
0.116015
0.122687
0.151554
0.126602
0.124945
0.173462
0.121107
0.125307
0.127487
0.129546
0.164654
0.126875
0.152846
0.143346
0.132696
0.126497
0.117768
0.108546
0.114200
0.122410
0.123591
0.135877
0.125032
0.139547
0.115571
0.140194
0.146882
0.138834
0.138476
0.210455
0.115830
0.121649
0.137998
0.135762
0.151444
0.186209
0.118931
0.165952
0.146493
0.109714
0.144430
0.115784
0.108162
0.127265
0.115883
0.123278
0.126873
0.130738
0.114973
0.127759
0.140988
0.139840
0.974014
0.198234
0.149832
0.132703
0.122476
0.123051
0.146635
0.151989
0.147525
0.168460
0.111172
0.125541
0.113189
0.163007
0.161790
0.130694
0.132531
0.105620
0.159407
0.139884
0.156961
0.128930
0.120180
0.128039
0.116009
0.164444
0.124777
0.171132
0.115002
0.122739
0.124742
0.129261
0.124475
0.120953
0.211584
0.144215
0.133071
0.140497
0.133618
0.110942
0.130726
0.171748
0.112774
0.125320
0.129537
0.113707
0.157721
0.120343
0.140243
0.116468
0.116307
0.119536
0.113867
0.130409
