0.137933
0.125121
0.165821
0.123978
0.125725
0.163877
0.122711
0.119712
0.108355
0.126435
0.113845
0.141945
0.121727
0.133720
0.143288
0.119768
0.131347
0.130661
0.145558
0.110341
0.109176
0.123023
0.125080
0.162618
0.141635
0.130396
0.117858
0.134322
0.186304
0.132643
0.108123
0.118806
0.133407
0.140335
0.134691
0.124976
0.111391
0.120322
0.131306
0.128095
0.131489
0.149414
0.138595
0.122371
0.142383
0.136819
0.125997
0.139862
0.116350
0.124066
0.130178
0.120816
0.128526
0.137238
0.146683
0.114568
0.146887
0.114502
0.126471
0.127594
0.125237
0.123642
0.130411
0.132924
0.163694
0.129907
0.111999
0.147277
0.112580
0.113785
0.129184
0.117803
0.125083
0.128456
0.127619
0.130250
0.118648
0.112229
0.106550
0.125591
0.154790
0.133897
0.143138
0.111181
0.120124
0.121214
0.155869
0.121773
0.126698
0.979895
0.119218
0.128622
0.117650
0.122410
0.134004
0.128334
0.197860
0.203050
0.163909
0.196218
0.148421
0.126902
0.176428
0.145977
0.125224
0.185997
0.124985
0.118962
0.123437
0.130716
0.156897
0.120789
0.129556
0.149985
0.163192
0.130882
0.111069
0.125868
0.112144
0.120325
0.118426
0.112344
0.117479
0.119747
0.123681
0.121834
0.134070
0.120735
0.108833
0.123168
0.120133
0.125749
0.117398
0.118473
0.186030
0.120883
0.215041
0.137849
0.122233
0.119041
0.170741
0.180576
0.120052
0.120635
0.127276
0.124308
0.120742
0.126673
0.126049
0.116630
0.132252
0.136449
0.137671
0.179275
0.143451
0.126709
0.171447
0.221216
0.163797
0.136685
0.137467
0.122628
0.123036
0.119982
0.110897
0.134259
0.113857
0.124438
0.191592
0.124826
0.139716
0.126127
0.140476
0.115004
0.122660
0.122814
0.110953
0.122176
0.113411
0.112084
0.115950
0.116665
0.213803
0.126391
0.124639
0.140956
0.122310
0.121816
0.127325
0.162126
0.160359
0.133835
0.113103
0.119395
0.147929
0.112868
0.152027
0.127263
0.136981
0.123437
0.141662
0.120067
0.116258
0.121485
0.137888
0.142738
0.117400
0.122278
0.158904
0.119139
0.126018
0.141897
0.215651
0.126878
0.136013
0.113104
0.153320
0.123593
0.136397
0.125087
0.146894
0.128020
0.139044
0.141423
0.135169
0.162909
0.124489
0.166313
0.123107
0.181421
0.114393
0.157602
0.124867
0.126049
0.112423
0.133700
0.119749
0.122872
0.130559
0.153050
0.119658
0.109797
0.125934
0.132298
0.135566
0.111698
0.118594
0.114823
0.113088
0.123382
0.119372
0.127165
0.154473
0.120076
0.131898
0.155582
