0.130701
0.163116
0.119887
0.119306
0.124724
0.113896
0.120179
0.139168
0.113436
0.122186
0.156299
0.137171
0.150620
0.123187
0.108987
0.130436
0.124562
0.111553
0.114530
0.132703
0.119707
0.125180
0.117578
0.128930
0.128106
0.115058
0.133681
0.116567
0.116224
0.107322
0.122894
0.116462
0.151019
0.115217
0.117381
0.124498
0.147931
0.126520
0.121924
0.147361
0.138810
0.110368
0.113291
0.111770
0.121500
0.118764
0.113240
0.125491
0.132111
0.113714
0.134944
0.129635
0.118428
0.113333
0.130881
0.125275
0.128599
0.126942
0.130501
0.107166
0.123936
0.120449
0.131724
0.127262
0.125140
0.139350
0.128452
0.132682
0.121080
0.125850
0.119366
0.114150
0.114881
0.126666
0.119946
0.123303
0.120592
0.127635
0.119299
0.123288
0.125697
0.122489
0.123965
0.118696
0.110585
0.114786
0.130673
0.118074
0.113928
0.108847
0.178701
0.123165
0.124626
0.141489
0.135682
0.124808
0.144738
0.125085
0.145102
0.130687
0.124052
0.405927
0.114250
0.117525
0.112711
0.113423
0.132752
0.111560
0.126687
0.125697
0.135131
0.126533
0.123084
0.119514
0.109029
0.136291
0.121099
0.116090
0.146226
0.125313
0.148846
0.120638
0.121321
0.114362
0.149953
0.106667
0.130034
0.133013
0.116306
0.147293
0.117198
0.118408
0.134875
0.135405
0.138603
0.130201
0.118312
0.120103
0.124733
0.115957
0.113556
0.103548
0.113951
0.117222
0.138710
0.118208
0.114299
0.128865
0.136756
0.124018
0.108557
0.128108
0.120746
0.139397
0.129906
0.123743
0.118615
0.123023
0.123879
0.110979
0.127928
0.113107
0.112309
0.130560
0.133912
0.119832
0.118869
0.144165
0.121213
0.119045
0.129378
0.124706
0.133990
0.124311
0.130728
0.120778
0.125854
0.124353
0.132129
0.115107
0.123145
0.115470
0.115604
0.107700
0.130598
0.126200
0.132579
0.116047
0.122312
0.119425
0.119054
0.116962
0.123861
0.105066
0.113659
0.112303
0.115110
0.122114
0.115957
0.129229
0.112378
0.104188
0.122181
0.128259
0.110189
0.117143
0.124553
0.113544
0.122925
0.120875
0.124104
0.117086
0.147694
0.113406
0.137775
0.119849
0.123018
0.120680
0.124294
0.114517
0.117308
0.113080
0.120690
0.125871
0.118891
0.132559
0.120537
0.125980
0.114090
0.111995
0.133359
0.110985
0.104612
0.116000
0.103874
0.129745
0.115836
0.114317
0.119555
0.112146
0.113639
0.123105
0.125328
0.135501
0.125435
0.114284
0.127268
0.109516
0.129797
0.138659
0.122426
0.115975
0.130494
0.119675
0.120698
0.126536
