0.139528
0.135111
0.123219
0.138991
0.134553
0.141540
0.115770
0.127632
0.120624
0.110748
0.110530
0.110803
0.117652
0.119100
0.113597
0.111907
0.121194
0.127611
0.123694
0.127376
0.107905
0.132961
0.140943
0.134891
0.123273
0.108661
0.141346
0.119375
0.141666
0.129439
0.123847
0.128319
0.112566
0.122369
0.146853
0.125582
0.118238
0.111629
0.129626
0.121057
0.116456
0.122207
0.121006
0.114169
0.114601
0.123154
0.106922
0.119945
0.107352
0.133599
0.116466
0.116657
0.128228
0.136915
0.125901
0.110097
0.123102
0.112445
0.119951
0.128826
0.114690
0.115781
0.119337
0.122333
0.110544
0.107258
0.114378
0.117963
0.147609
0.122882
0.108395
0.124981
0.113629
0.118290
0.116197
0.108454
0.109559
0.133866
0.112865
0.117339
0.113851
0.119283
0.128187
0.117016
0.122776
0.133654
0.128410
0.118477
0.125942
0.105660
0.107443
0.116897
0.138193
0.124520
0.123250
0.124651
0.109848
0.132641
0.135234
0.140682
0.109212
0.118908
0.119606
0.121799
0.109137
0.113344
0.129501
0.118886
0.116650
0.117968
0.127864
0.131905
0.133774
0.112923
0.121768
0.134686
0.129040
0.124663
0.122060
0.127693
0.125449
0.115983
0.122905
0.122125
0.130317
0.112131
0.117267
0.143018
0.121457
0.121674
0.116368
0.113270
0.109110
0.124976
0.114380
0.119873
0.103989
0.107418
0.112212
0.135656
0.113495
0.122040
0.118888
0.114326
0.131428
0.113479
0.124091
0.128647
0.115664
0.111110
0.128444
0.153887
0.127795
0.366578
0.113857
0.114825
0.108958
0.126289
0.119064
0.120809
0.120211
0.120429
0.124556
0.111485
0.125861
0.116499
0.120588
0.122771
0.127036
0.113850
0.116352
0.119848
0.142890
0.124182
0.123355
0.127044
0.111399
0.112996
0.111299
0.132247
0.103461
0.109197
0.130079
0.139048
0.117600
0.124353
0.134356
0.124027
0.115523
0.121228
0.116036
0.126322
0.121052
0.106327
0.124239
0.129886
0.115937
0.110184
0.120792
0.123338
0.117533
0.132218
0.115948
0.131694
0.124236
0.115157
0.109520
0.111568
0.121743
0.116259
0.114282
0.132360
0.113628
0.112706
0.105120
0.122922
0.117860
0.107788
0.118631
0.118735
0.108621
0.119902
0.120018
0.113583
0.142516
0.131458
0.113833
0.119979
0.118646
0.116476
0.118374
0.111599
0.122017
0.128715
0.167649
0.129059
0.102647
0.125501
0.110598
0.118412
0.130892
0.118197
0.125513
0.117924
0.142323
0.118894
0.123018
0.112635
0.126717
0.112800
0.128315
0.120886
0.122309
0.129938
0.116631
0.120628
