0.113457
0.212020
0.117042
0.134444
0.120475
0.132209
0.115556
0.116483
0.130366
0.121278
0.122960
0.119943
0.149202
0.119860
0.115870
0.173728
0.113215
0.118546
0.113009
0.111986
0.117638
0.122509
0.121114
0.145004
0.131323
0.128855
0.115753
0.109638
0.136688
0.140659
0.116480
0.118726
0.111239
0.188853
0.114732
0.161116
0.127564
0.115153
0.125641
0.120928
0.116016
0.161176
0.119483
0.118124
0.144374
0.127825
0.104436
0.119848
0.117051
0.117935
0.132682
0.116323
0.135438
0.102551
0.144378
0.128399
0.137178
0.110898
0.116055
0.129073
0.103465
0.114304
0.113698
0.146492
0.118131
0.134171
0.132250
0.185622
0.118271
0.130902
0.114359
0.122187
0.118746
0.121153
0.119140
0.125350
0.133214
0.129552
0.140029
0.145462
0.132468
0.123431
0.115474
0.147821
0.126584
0.115525
0.105353
0.117687
0.125702
0.117744
0.120739
0.120381
0.138276
0.173370
0.133557
0.121775
0.138523
0.232428
0.173171
0.175439
0.156657
0.119287
0.136345
0.148978
0.158455
0.148103
0.133082
0.131774
0.157805
0.118471
0.143053
0.126086
0.117763
0.114552
0.153747
0.178852
0.186112
0.143348
0.142328
0.122096
0.130567
0.105173
0.127641
0.131310
0.118605
0.133551
0.111596
0.145031
0.144006
0.114158
0.138056
0.127648
0.128090
0.135391
0.119914
0.118996
0.124012
0.131721
0.155883
0.177731
0.210568
0.140628
0.185925
0.115983
0.115428
0.134853
0.111250
0.117828
0.140197
0.129935
0.138365
0.166755
0.154735
0.175077
0.167184
0.136519
0.213328
0.206409
0.210072
0.261457
0.128491
0.127808
0.128565
0.121397
0.122024
0.152144
0.135669
0.125124
0.115422
0.120361
0.111787
0.129983
0.133879
0.118906
0.129884
0.147525
0.118425
0.131620
0.119200
0.164084
0.114236
0.121593
0.121579
0.121401
0.160440
0.119875
0.131845
0.139858
0.140179
0.117786
0.135325
0.146440
0.119985
0.118632
0.113967
0.111049
0.126766
0.117355
0.120469
0.116938
0.142720
0.131653
0.142714
0.109573
0.129483
0.124551
0.114340
0.118177
0.986905
0.135629
0.127561
0.126514
0.123670
0.114937
0.115357
0.117985
0.123728
0.139157
0.121206
0.119033
0.130270
0.127947
0.156625
0.164652
0.128266
0.167459
0.142297
0.122915
0.126814
0.110857
0.115127
0.124635
0.121974
0.132333
0.117094
0.124892
0.122587
0.134387
0.126567
0.124514
0.137714
0.124025
0.109291
0.155372
0.114799
0.110702
0.135869
0.119429
0.126111
0.122909
0.113842
0.128380
0.138526
0.126793
0.111116
0.121238
