0.137682
0.136841
0.129508
0.131338
0.111454
0.130125
0.111635
0.129263
0.134018
0.143509
0.125735
0.129254
0.120267
0.125329
0.108863
0.125596
0.118271
0.130604
0.110319
0.122440
0.129304
0.110982
0.123840
0.145404
0.127845
0.124866
0.140178
0.119861
0.133076
0.134756
0.146222
0.109838
0.130188
0.139144
0.118760
0.119781
0.114937
0.123799
0.121336
0.119763
0.120726
0.117928
0.109253
0.123186
0.114437
0.119099
0.126517
0.120338
0.133463
0.125467
0.123415
0.137772
0.133259
0.134544
0.135600
0.122681
0.113074
0.129389
0.122642
0.122964
0.153173
0.125748
0.121378
0.124306
0.113451
0.122741
0.111058
0.116988
0.136352
0.114649
0.110177
0.114576
0.109080
0.145731
0.110157
0.125602
0.113652
0.122450
0.127350
0.138841
0.130608
0.118407
0.125746
0.127322
0.115694
0.122539
0.125761
0.113627
0.122465
0.119033
0.124991
0.121883
0.120604
0.131702
0.112815
0.120940
0.112343
0.125108
0.115355
0.104574
0.138463
0.114148
0.113253
0.125110
0.118598
0.117522
0.112878
0.111743
0.135337
0.112535
0.123123
0.116095
0.128297
0.113500
0.114213
0.112506
0.127061
0.113586
0.122360
0.128069
0.117640
0.130542
0.112527
0.144367
0.118547
0.130873
0.147678
0.117312
0.115270
0.129995
0.113481
0.116892
0.106155
0.127338
0.130253
0.121161
0.115247
0.108930
0.120706
0.128343
0.122009
0.419559
0.115885
0.108837
0.129190
0.114841
0.126032
0.124817
0.125893
0.111353
0.128225
0.137111
0.121294
0.116764
0.121008
0.111352
0.127533
0.118508
0.110242
0.125044
0.114797
0.110920
0.120099
0.113966
0.121716
0.131715
0.119325
0.126540
0.118831
0.122365
0.132474
0.109851
0.128983
0.129774
0.124587
0.150931
0.118314
0.124804
0.112889
0.121431
0.130773
0.122448
0.116808
0.129415
0.112864
0.122657
0.120254
0.135691
0.129560
0.114677
0.114487
0.111047
0.137692
0.116207
0.131799
0.123518
0.118481
0.120107
0.114728
0.131697
0.111840
0.117731
0.115629
0.111395
0.109464
0.117799
0.122481
0.111632
0.119126
0.121428
0.122889
0.117161
0.123009
0.127968
0.115604
0.108921
0.116637
0.121196
0.115613
0.116365
0.129205
0.133990
0.133363
0.146270
0.113797
0.110807
0.123594
0.128298
0.152825
0.126475
0.129901
0.120484
0.126299
0.120175
0.120359
0.135377
0.137199
0.113988
0.112548
0.127689
0.123917
0.122804
0.134508
0.106887
0.117620
0.108445
0.139545
0.113846
0.130389
0.128554
0.136993
0.114880
0.115288
0.116088
0.113107
0.118219
