0.121219
0.127101
0.110459
0.129859
0.116959
0.116855
0.117278
0.104988
0.116190
0.123672
0.137285
0.126644
0.114585
0.136757
0.131776
0.112498
0.986303
0.111401
0.122545
0.119779
0.114512
0.121025
0.120477
0.133140
0.116574
0.124737
0.134560
0.113951
0.165064
0.128714
0.156570
0.162420
0.127460
0.123203
0.134362
0.116780
0.122136
0.131477
0.131655
0.112074
0.133279
0.124168
0.122438
0.112643
0.134637
0.113100
0.125631
0.121277
0.129362
0.126778
0.119736
0.122800
0.125820
0.113982
0.120614
0.108171
0.116622
0.112997
0.116919
0.110933
0.111525
0.132194
0.126638
0.136353
0.121101
0.111377
0.149985
0.110481
0.115003
0.118498
0.140804
0.137971
0.130744
0.115769
0.133743
0.160609
0.128632
0.114787
0.113228
0.116764
0.125452
0.133080
0.117029
0.124700
0.127145
0.106174
0.118728
0.121211
0.114709
0.121600
0.137099
0.120075
0.121367
0.139154
0.141073
0.106529
0.134632
0.126460
0.144595
0.211532
0.132992
0.125872
0.154834
0.121604
0.187622
0.145903
0.123833
0.158698
0.104937
0.147979
0.128552
0.119759
0.136935
0.134286
0.143587
0.112170
0.121750
0.119166
0.114794
0.142848
0.178123
0.121587
0.113099
0.116452
0.156863
0.119004
0.124685
0.172312
0.107168
0.171717
0.113975
0.133847
0.112416
0.142428
0.122323
0.128119
0.136805
0.122969
0.125274
0.115024
0.169870
0.193066
0.137960
0.122155
0.128667
0.109068
0.152224
0.163015
0.131342
0.140067
0.170635
0.130536
0.127818
0.124075
0.124966
0.133197
0.183475
0.219141
0.171787
0.167999
0.134310
0.128635
0.117196
0.171171
0.139259
0.118182
0.110058
0.132896
0.117499
0.120133
0.130084
0.133526
0.165660
0.118024
0.140873
0.127961
0.130624
0.115715
0.138218
0.124269
0.120477
0.115597
0.190412
0.120403
0.119627
0.120850
0.116556
0.135805
0.127632
0.149125
0.118122
0.133399
0.114045
0.169476
0.133203
0.136582
0.113423
0.114890
0.143342
0.111705
0.198225
0.121444
0.124799
0.141689
0.111813
0.113994
0.117200
0.219092
0.113375
0.126826
0.130335
0.126650
0.116118
0.111079
0.131153
0.115872
0.147924
0.124053
0.136790
0.131721
0.140340
0.134536
0.129849
0.124172
0.125870
0.191429
0.118976
0.130546
0.123972
0.126169
0.140181
0.120723
0.128450
0.123506
0.129828
0.109280
0.164794
0.133915
0.119727
0.117677
0.116421
0.132885
0.131589
0.126242
0.140730
0.118502
0.138264
0.183736
0.123092
0.112459
0.120156
0.125575
0.139464
0.131659
0.120247
0.173709
