0.141876
0.119096
0.105585
0.124013
0.098694
0.104520
0.129968
0.106549
0.112648
0.104206
0.111144
0.126882
0.098350
0.121938
0.094044
0.110391
0.109040
0.101247
0.101970
0.105848
0.128715
0.107119
0.111233
0.107880
0.116196
0.099578
0.105908
0.117636
0.106622
0.113666
0.108474
0.108704
0.120123
0.106590
0.099742
0.096831
0.112914
0.110377
0.097084
0.112044
0.132985
0.113080
0.119142
0.101711
0.115144
0.108927
0.118263
0.144928
0.121273
0.107386
0.110270
0.103645
0.096407
0.099381
0.103599
0.112540
0.103549
0.097051
0.094995
0.120477
0.128391
0.127606
0.104194
0.114271
0.116148
0.111957
0.120211
0.109567
0.102546
0.127705
0.114739
0.099343
0.112249
0.117824
0.120558
0.110224
0.109856
0.101043
0.125324
0.114051
0.107959
0.125354
0.102224
0.104815
0.098330
0.117503
0.128753
0.112267
0.113611
0.111073
0.105006
0.094888
0.124284
0.101982
0.106867
0.115782
0.128358
0.117854
0.100534
0.106923
0.124243
0.130077
0.105056
0.116386
0.118122
0.103556
0.102115
0.114414
0.111550
0.121878
0.114983
0.109423
0.107246
0.123458
0.107131
0.119232
0.110779
0.108445
0.112385
0.110432
0.106625
0.105231
0.105116
0.133292
0.109970
0.126520
0.109225
0.100867
0.110361
0.106134
0.118452
0.116946
0.123615
0.101938
0.108651
0.106545
0.109484
0.104471
0.115584
0.097012
0.099039
0.106807
0.113120
0.126201
0.113059
0.108462
0.122929
0.117986
0.120023
0.113255
0.103388
0.115584
0.122757
0.113922
0.108083
0.107092
0.114765
0.103354
0.109221
0.110041
0.117662
0.138531
0.103974
0.098140
0.108332
0.102759
0.131859
0.110325
0.114819
0.115181
0.124429
0.105862
0.105501
0.102620
0.103777
0.124481
0.122877
0.109077
0.125891
0.093968
0.115377
0.114067
0.132708
0.114637
0.128268
0.118785
0.241746
0.114802
0.120715
0.112618
0.117619
0.116821
0.104589
0.118320
0.099013
0.098829
0.109246
0.123616
0.112689
0.110587
0.124722
0.115707
0.101790
0.113917
0.112707
0.115436
0.117367
0.124717
0.111151
0.118478
0.109091
0.131751
0.130968
0.115330
0.110877
0.100285
0.103331
0.115374
0.095307
0.112263
0.120487
0.103513
0.101219
0.117942
0.107974
0.132860
0.108421
0.102848
0.133560
0.137325
0.119543
0.119971
0.118107
0.122430
0.108850
0.100136
0.103270
0.098168
0.107412
0.125849
0.129721
0.113689
0.112672
0.113017
0.105116
0.111222
0.118996
0.106170
0.112266
0.116038
0.122264
0.116854
0.127950
0.111847
0.110403
0.100365
