0.148245
0.220849
0.127671
0.138420
0.133299
0.160298
0.133400
0.132774
0.130113
0.135525
0.123406
0.153848
0.182093
0.131213
0.155310
0.178762
0.119679
0.119481
0.129855
0.131802
0.135504
0.131809
0.127701
0.133581
0.121810
0.120337
0.124614
0.138851
0.166662
0.115663
0.136733
0.121864
0.144458
0.123780
0.127874
0.121642
0.135945
0.118570
0.124788
0.137712
0.125645
0.125692
0.125117
0.135450
0.137645
0.125005
0.130701
0.146083
0.120814
0.113570
0.115398
0.142180
0.114653
0.129543
0.110630
0.125256
0.153938
0.118733
0.114319
0.130831
0.123481
0.112957
0.125203
0.141909
0.202453
0.128500
0.156462
0.114845
0.204604
0.171316
0.121208
0.142327
0.122915
0.128711
0.132902
0.112105
0.181575
0.160112
0.219794
0.142816
0.164603
0.188668
0.206716
0.133191
0.126373
0.128312
0.126201
0.124654
0.131759
0.111652
0.118517
0.171858
0.124010
0.129033
0.171408
0.120556
0.138372
0.181034
0.120351
0.130859
0.119173
0.144722
0.131315
0.166735
0.118260
0.114286
0.132015
0.114277
0.160476
0.124773
0.134399
0.128789
0.118465
0.114493
0.126318
0.145592
0.108182
0.125875
0.111430
0.133866
0.150273
0.111204
0.144217
0.149006
0.113921
0.152411
0.120893
0.120100
0.141196
0.132040
0.133636
0.117447
0.139979
0.113901
0.191954
0.124743
0.125138
0.114596
0.114865
0.129185
0.135572
0.115261
0.124919
0.141488
0.179733
0.145804
0.119567
0.141528
0.128711
0.127739
0.126554
0.118691
0.126357
0.115709
0.115893
0.131313
0.117373
0.121554
0.144284
0.120289
0.981431
0.198979
0.198167
0.189077
0.130130
0.118407
0.113884
0.134076
0.127055
0.120528
0.110619
0.182425
0.130712
0.117162
0.114926
0.156508
0.152568
0.196252
0.145345
0.179969
0.190903
0.153387
0.121116
0.148183
0.131419
0.135534
0.131805
0.193192
0.106033
0.160409
0.126420
0.126132
0.126789
0.135755
0.135156
0.121526
0.120554
0.117118
0.129072
0.132535
0.128025
0.117689
0.119285
0.121541
0.163067
0.130996
0.114617
0.133620
0.130711
0.119623
0.120356
0.145641
0.139685
0.116091
0.142610
0.120188
0.175435
0.130524
0.125718
0.122277
0.138958
0.118515
0.125781
0.118172
0.118704
0.134438
0.132848
0.121070
0.142418
0.158278
0.115657
0.118266
0.123770
0.115357
0.119212
0.116544
0.120837
0.125827
0.133613
0.125132
0.154626
0.167805
0.122756
0.153066
0.133664
0.110704
0.120128
0.130988
0.142763
0.124711
0.113775
0.123987
0.122193
0.114087
0.125612
0.117778
