0.170870
0.126462
0.145320
0.131294
0.180778
0.130046
0.174029
0.127670
0.126006
0.157773
0.126436
0.198656
0.120916
0.126553
0.117336
0.172409
0.161829
0.128459
0.135542
0.137036
0.100237
0.117536
0.154770
0.118960
0.118555
0.181586
0.213726
0.196226
0.157696
0.130312
0.111995
0.134576
0.118731
0.140976
0.146113
0.126052
0.127131
0.980931
0.130189
0.127043
0.120152
0.127394
0.122911
0.163113
0.143966
0.131298
0.188027
0.124539
0.125323
0.110020
0.153514
0.232581
0.140355
0.151026
0.135148
0.126310
0.190529
0.129373
0.122378
0.131254
0.112747
0.116896
0.123641
0.158598
0.114525
0.147228
0.139791
0.115639
0.129102
0.105792
0.134432
0.151103
0.118512
0.119072
0.111774
0.130496
0.128067
0.120298
0.135086
0.148256
0.159298
0.149082
0.120550
0.126483
0.133846
0.118769
0.108524
0.130740
0.122023
0.138862
0.121717
0.126564
0.117491
0.119229
0.136382
0.134237
0.123089
0.134928
0.155865
0.127932
0.128129
0.108315
0.124828
0.123171
0.124877
0.124175
0.121305
0.119888
0.128645
0.129432
0.117017
0.151334
0.164574
0.132000
0.117969
0.180655
0.133292
0.126737
0.112541
0.147381
0.120730
0.135722
0.140690
0.117711
0.130220
0.121424
0.136635
0.137103
0.114657
0.110505
0.179854
0.119611
0.151862
0.124772
0.130289
0.117196
0.121031
0.124804
0.119723
0.200811
0.188211
0.135928
0.131685
0.159292
0.183792
0.138710
0.124626
0.117730
0.127906
0.116931
0.155617
0.143062
0.147712
0.126532
0.128136
0.149177
0.109316
0.183549
0.147466
0.123849
0.117820
0.115725
0.119490
0.120378
0.143873
0.131941
0.125772
0.145869
0.158076
0.121792
0.128712
0.135609
0.183899
0.116362
0.143879
0.130453
0.131819
0.181628
0.124073
0.120355
0.135080
0.107704
0.124921
0.116658
0.121574
0.179601
0.166510
0.123611
0.146956
0.145860
0.130290
0.125856
0.132671
0.122835
0.132909
0.120851
0.112757
0.147043
0.123762
0.133922
0.116559
0.119782
0.123064
0.113766
0.125662
0.169572
0.132380
0.137020
0.249841
0.120655
0.151220
0.117234
0.132847
0.135986
0.150332
0.120938
0.122312
0.126580
0.114630
0.123421
0.113106
0.115041
0.118181
0.130595
0.123116
0.120872
0.110920
0.123079
0.125372
0.136113
0.133018
0.134918
0.120982
0.139143
0.119574
0.148071
0.137616
0.128488
0.108103
0.186846
0.134224
0.157500
0.148720
0.161552
0.151141
0.126867
0.137660
0.109247
0.145530
0.124911
0.169870
0.118042
0.122708
0.140418
0.131730
0.115774
