0.144313
0.132929
0.116310
0.109907
0.130665
0.116596
0.131632
0.120615
0.126574
0.116202
0.121907
0.136274
0.147891
0.123820
0.148401
0.142442
0.139925
0.121290
0.126719
0.126325
0.125768
0.125910
0.129339
0.129544
0.122017
0.118121
0.159025
0.121671
0.146725
0.132699
0.145568
0.118203
0.131105
0.127583
0.142828
0.133125
0.131397
0.125814
0.128653
0.115154
0.974613
0.121084
0.113996
0.112976
0.122908
0.124172
0.143712
0.118548
0.122828
0.125360
0.127525
0.111344
0.123308
0.111364
0.120045
0.115953
0.127380
0.119823
0.110744
0.128346
0.118787
0.118198
0.111820
0.117096
0.125560
0.118052
0.126079
0.125680
0.127114
0.141710
0.124085
0.143788
0.150866
0.140046
0.129411
0.115394
0.134303
0.126106
0.124141
0.123581
0.115630
0.126854
0.117734
0.117640
0.114464
0.126524
0.140302
0.119111
0.115144
0.106307
0.124287
0.110874
0.124805
0.131556
0.126928
0.133951
0.203217
0.205057
0.198855
0.168494
0.131464
0.146992
0.174580
0.143680
0.136566
0.153442
0.131195
0.149934
0.131187
0.124374
0.121005
0.119587
0.123982
0.128996
0.166050
0.187308
0.141833
0.133055
0.193145
0.149959
0.118882
0.114693
0.131034
0.118249
0.121312
0.116908
0.127259
0.114117
0.119094
0.116387
0.118168
0.123420
0.118363
0.122172
0.121673
0.112381
0.116106
0.127915
0.118522
0.112967
0.177903
0.138363
0.157516
0.117333
0.146206
0.134750
0.113409
0.120742
0.157928
0.137992
0.143903
0.145364
0.133837
0.142485
0.148762
0.144309
0.177711
0.183057
0.165587
0.222593
0.117003
0.119140
0.105126
0.107113
0.130333
0.164912
0.130469
0.119340
0.116502
0.102314
0.138288
0.134126
0.143052
0.114431
0.119602
0.127272
0.109580
0.132364
0.113431
0.108559
0.120045
0.128161
0.117040
0.134181
0.126040
0.119729
0.117425
0.108797
0.133937
0.133045
0.119776
0.166795
0.130156
0.122871
0.126965
0.143066
0.133820
0.115934
0.109359
0.177686
0.112049
0.120548
0.128927
0.131199
0.116342
0.151342
0.116500
0.165960
0.122132
0.147626
0.124092
0.117026
0.142318
0.125948
0.123711
0.104892
0.121657
0.125885
0.133963
0.117316
0.138237
0.129754
0.137630
0.156648
0.167171
0.125766
0.121276
0.118806
0.142741
0.128167
0.120191
0.120339
0.115453
0.107536
0.111173
0.107382
0.135433
0.142768
0.111409
0.137675
0.129140
0.122054
0.134613
0.147155
0.122029
0.110279
0.117855
0.192797
0.138446
0.222763
0.122071
0.124052
0.117552
0.132465
0.123715
0.118440
