0.108160
0.156394
0.131644
0.120406
0.146098
0.122071
0.135575
0.142650
0.122857
0.179664
0.126696
0.129531
0.141352
0.150151
0.141200
0.199456
0.115602
0.120504
0.154705
0.139036
0.116124
0.150879
0.136848
0.133306
0.190231
0.134998
0.120665
0.127757
0.143753
0.176467
0.119879
0.119543
0.129215
0.125311
0.127640
0.209185
0.132953
0.110977
0.130486
0.124462
0.118258
0.125192
0.127095
0.119350
0.115387
0.183316
0.136537
0.135077
0.121955
0.118165
0.119574
0.121613
0.140018
0.117377
0.134890
0.131078
0.122065
0.186132
0.122112
0.134956
0.157022
0.121641
0.132794
0.124347
0.122142
0.126446
0.135594
0.112388
0.126275
0.132206
0.123075
0.153774
0.127972
0.164626
0.121868
0.122706
0.120632
0.153313
0.217527
0.117947
0.126990
0.125485
0.140704
0.118795
0.119785
0.124196
0.136231
0.162989
0.127361
0.123598
0.118380
0.145701
0.109854
0.151625
0.120104
0.129721
0.120062
0.121199
0.128480
0.142137
0.121427
0.137295
0.117705
0.123315
0.129730
0.158190
0.145495
0.142675
0.125600
0.116767
0.111761
0.176236
0.110109
0.255026
0.127606
0.111333
0.136856
0.143018
0.126117
0.125868
0.118326
0.116579
0.132429
0.145920
0.134360
0.116100
0.117348
0.143070
0.116127
0.129678
0.122030
0.129305
0.983387
0.132074
0.135067
0.117338
0.117739
0.115760
0.133680
0.130937
0.127803
0.111633
0.125722
0.158231
0.145784
0.108287
0.148044
0.117487
0.149595
0.136869
0.121727
0.130416
0.125469
0.160363
0.120116
0.116954
0.125493
0.141834
0.121096
0.136967
0.126707
0.120333
0.124653
0.127921
0.134303
0.136762
0.142342
0.135031
0.120104
0.130014
0.115134
0.125697
0.136220
0.108663
0.125378
0.139686
0.125148
0.195957
0.148840
0.134196
0.148145
0.155458
0.114346
0.122671
0.185206
0.108114
0.212292
0.263354
0.123327
0.120289
0.125268
0.162559
0.106927
0.114976
0.128448
0.132364
0.115496
0.124182
0.117329
0.116750
0.126321
0.115721
0.116180
0.142740
0.125450
0.116713
0.174383
0.120643
0.127198
0.159062
0.119184
0.165484
0.122126
0.132532
0.167983
0.130585
0.157474
0.114169
0.141193
0.123431
0.113237
0.127064
0.119206
0.137331
0.142532
0.117666
0.123813
0.123583
0.118703
0.133345
0.118161
0.104265
0.116226
0.107981
0.108146
0.124345
0.135677
0.191420
0.132501
0.222593
0.163810
0.173961
0.142337
0.132824
0.176569
0.126002
0.113174
0.132835
0.142762
0.117061
0.121559
0.117800
0.137110
0.119743
0.123557
0.130441
