0.135958
0.151821
0.114274
0.150535
0.120029
0.120623
0.149929
0.122149
0.117490
0.134335
0.120046
0.172227
0.140702
0.135419
0.152802
0.132798
0.192550
0.186478
0.134391
0.133223
0.121566
0.110752
0.115146
0.123720
0.118363
0.121911
0.156598
0.117946
0.186099
0.118731
0.126811
0.133278
0.140661
0.149593
0.110308
0.121194
0.146389
0.117736
0.155744
0.134749
0.148669
0.113621
0.139579
0.144480
0.125148
0.125478
0.116653
0.973748
0.143806
0.122794
0.265696
0.113091
0.146566
0.135997
0.124533
0.130534
0.123638
0.245086
0.109324
0.133858
0.104324
0.128144
0.144422
0.143307
0.112301
0.124383
0.137891
0.122966
0.186247
0.108603
0.141970
0.114569
0.141100
0.211951
0.118175
0.144632
0.144081
0.136056
0.110889
0.188532
0.147935
0.129595
0.112761
0.128569
0.124099
0.117549
0.113141
0.108469
0.126006
0.119686
0.159647
0.152817
0.120450
0.122679
0.131504
0.124824
0.110401
0.105072
0.159068
0.126450
0.118096
0.112406
0.116114
0.129437
0.144790
0.128246
0.123184
0.123172
0.130938
0.120469
0.112889
0.176142
0.120319
0.146792
0.131290
0.165096
0.117063
0.120715
0.127782
0.134154
0.108010
0.146968
0.140519
0.117415
0.114326
0.161656
0.121027
0.118257
0.133218
0.113213
0.114347
0.111235
0.113976
0.114849
0.144351
0.158487
0.196486
0.121737
0.116318
0.125415
0.127408
0.134434
0.125630
0.121278
0.139663
0.132561
0.147256
0.129008
0.137773
0.122213
0.134591
0.228018
0.133805
0.111805
0.122655
0.145027
0.133896
0.136368
0.123954
0.125637
0.127354
0.146568
0.117727
0.140504
0.110945
0.138205
0.163974
0.114959
0.119294
0.127355
0.201873
0.125300
0.124273
0.140854
0.133779
0.120015
0.147980
0.119195
0.139046
0.183228
0.158479
0.122288
0.155725
0.135427
0.123441
0.122813
0.121545
0.139718
0.122910
0.143647
0.118799
0.130796
0.138877
0.105850
0.124166
0.132157
0.135735
0.153368
0.118028
0.128032
0.127984
0.105654
0.122961
0.123817
0.121162
0.134398
0.109599
0.133670
0.130957
0.104735
0.127722
0.114281
0.176734
0.115869
0.109754
0.168536
0.122562
0.143665
0.249642
0.132901
0.130203
0.118948
0.134901
0.135408
0.135508
0.129918
0.123427
0.158570
0.126899
0.156662
0.134931
0.132300
0.132497
0.123298
0.117566
0.123676
0.130292
0.121990
0.128440
0.143059
0.126044
0.110789
0.213299
0.113128
0.158174
0.111809
0.119552
0.146270
0.116605
0.156692
0.122543
0.121898
0.112856
0.141532
0.130840
0.135363
