0.125082
0.106563
0.129680
0.118796
0.128846
0.124402
0.134118
0.113913
0.125568
0.114650
0.116243
0.113793
0.121064
0.114246
0.118586
0.116218
0.126436
0.115908
0.145826
0.123827
0.133981
0.123339
0.145507
0.129998
0.112860
0.103640
0.118501
0.133750
0.126984
0.111099
0.122677
0.133373
0.120569
0.119931
0.122161
0.113399
0.135039
0.107606
0.128186
0.138249
0.112261
0.112654
0.123529
0.111065
0.129834
0.123945
0.124332
0.120135
0.107693
0.127393
0.113107
0.115979
0.144538
0.118625
0.125151
0.114060
0.130077
0.114882
0.118181
0.120266
0.112196
0.113995
0.123794
0.115132
0.118165
0.109403
0.113560
0.140118
0.120412
0.136131
0.110194
0.139040
0.123202
0.107202
0.128008
0.115529
0.136836
0.121092
0.133511
0.115998
0.141131
0.113588
0.114079
0.114055
0.120741
0.125726
0.119135
0.126782
0.113880
0.126325
0.116768
0.120953
0.117341
0.120392
0.126125
0.133880
0.121760
0.106787
0.129895
0.130803
0.117086
0.123330
0.119640
0.122745
0.118621
0.128986
0.121125
0.116392
0.118336
0.128079
0.140578
0.112583
0.123225
0.115943
0.120958
0.116150
0.122128
0.117992
0.130669
0.117011
0.122140
0.119238
0.119991
0.105586
0.111655
0.131723
0.116729
0.111629
0.117202
0.132223
0.116756
0.122110
0.113948
0.129704
0.116226
0.108839
0.133558
0.123036
0.125078
0.116315
0.117209
0.132528
0.156498
0.111755
0.113590
0.138017
0.119927
0.118649
0.118058
0.109403
0.123894
0.123206
0.126228
0.126849
0.124335
0.109454
0.128262
0.123709
0.116499
0.120060
0.131277
0.117259
0.116018
0.131320
0.118221
0.111250
0.129872
0.126820
0.105954
0.123759
0.120832
0.115207
0.118647
0.108467
0.131721
0.129005
0.119420
0.116752
0.109563
0.117699
0.117945
0.124262
0.120247
0.143512
0.112865
0.114043
0.123471
0.119024
0.135597
0.125741
0.131901
0.122586
0.136395
0.123031
0.113184
0.124934
0.120621
0.127992
0.115124
0.112942
0.122209
0.107431
0.108199
0.111161
0.119155
0.121912
0.109581
0.112134
0.112062
0.136233
0.131612
0.130620
0.119157
0.114632
0.117932
0.121700
0.117817
0.125791
0.109200
0.119867
0.118187
0.151662
0.119586
0.119045
0.121267
0.121350
0.111171
0.111772
0.123413
0.120863
0.142339
0.115744
0.117738
0.127111
0.113718
0.120106
0.113057
0.118274
0.109290
0.135057
0.132148
0.120189
0.120535
0.124332
0.117445
0.114500
0.104535
0.120460
0.136933
0.127224
0.129118
0.116727
0.431060
0.133730
0.110577
0.128593
