0.118567
0.119369
0.124256
0.111419
0.116739
0.116050
0.110455
0.107806
0.137262
0.124512
0.122286
0.111279
0.122813
0.120735
0.116924
0.130882
0.125225
0.136413
0.112755
0.141345
0.118090
0.117406
0.127083
0.119561
0.122005
0.121871
0.129473
0.130937
0.114910
0.135274
0.108517
0.323805
0.123697
0.115852
0.125117
0.122094
0.132015
0.139072
0.122669
0.104227
0.114158
0.129965
0.127566
0.111818
0.146411
0.119433
0.123731
0.128685
0.126255
0.124154
0.129101
0.132370
0.123477
0.105225
0.145555
0.116474
0.119534
0.124552
0.127351
0.118306
0.121774
0.118811
0.113424
0.125258
0.118903
0.112381
0.135633
0.128881
0.106111
0.120544
0.121369
0.146516
0.119637
0.121775
0.112815
0.124077
0.109136
0.119623
0.119170
0.119851
0.124160
0.130042
0.137504
0.134692
0.117339
0.121370
0.142827
0.111821
0.114473
0.120072
0.122405
0.108399
0.110692
0.127541
0.120213
0.120780
0.108709
0.114950
0.112541
0.119744
0.118143
0.114222
0.122911
0.119701
0.123819
0.117901
0.122029
0.128379
0.126938
0.111515
0.109450
0.135901
0.115968
0.127283
0.140466
0.117116
0.139245
0.116022
0.120014
0.122175
0.116225
0.131050
0.133830
0.121141
0.117290
0.135891
0.126929
0.117162
0.116217
0.138794
0.138928
0.114937
0.120696
0.117913
0.107539
0.126407
0.125203
0.135467
0.116934
0.130366
0.110650
0.113930
0.119411
0.132624
0.112212
0.118587
0.113522
0.122445
0.118170
0.111746
0.118528
0.113948
0.109871
0.113199
0.125170
0.136579
0.114220
0.122521
0.129731
0.121075
0.113716
0.128097
0.117927
0.122126
0.132051
0.116095
0.112004
0.117837
0.134369
0.123381
0.117601
0.126610
0.110036
0.137082
0.121157
0.130882
0.118547
0.119955
0.130283
0.113964
0.130377
0.120950
0.132849
0.120189
0.122586
0.124919
0.172561
0.124753
0.110881
0.115306
0.116942
0.135511
0.124066
0.116943
0.114444
0.123913
0.119416
0.136988
0.123958
0.110972
0.110858
0.106248
0.133713
0.118420
0.112107
0.143003
0.125013
0.139424
0.130888
0.116634
0.135812
0.112060
0.133219
0.117483
0.143169
0.111290
0.127891
0.112546
0.124167
0.116029
0.107833
0.122183
0.106959
0.122237
0.113744
0.110963
0.129865
0.131895
0.110301
0.151025
0.131553
0.109336
0.125662
0.123475
0.108461
0.117744
0.112316
0.107031
0.125883
0.110166
0.117586
0.118178
0.108322
0.129457
0.124771
0.140237
0.126630
0.122601
0.113038
0.114974
0.121659
0.126782
0.126315
0.131123
0.130393
0.120071
