0.014316
0.043380
0.092553
0.054684
0.002767
0.073975
0.521380
0.516987
0.018183
0.226089
0.412290
0.121221
0.063807
0.203695
0.181278
0.142492
0.531553
0.519723
0.193307
0.276242
0.452645
0.076122
0.122447
0.409068
0.219824
0.155503
0.419030
0.133170
0.076880
0.178642
0.410404
0.232941
0.363793
0.324932
0.070349
0.128760
0.025489
0.044058
0.039389
0.052512
0.208304
0.011089
0.124060
0.100075
0.205248
0.082012
0.420724
0.262912
0.404491
0.032094
0.186037
0.065914
0.057920
0.095331
0.032003
0.042124
0.104994
0.081598
0.098815
0.008508
0.074430
0.031755
0.089780
0.046420
0.025738
0.159314
0.607540
0.402882
0.255922
0.374891
0.432767
0.116365
0.113515
0.413255
0.213421
0.159609
0.391765
0.031050
0.092813
0.005998
0.195010
0.052144
0.106827
0.013129
0.061505
0.213911
0.052957
0.236298
0.228923
0.141689
0.239310
0.016835
0.121542
0.051945
0.020501
0.007207
0.057911
0.118579
0.486716
0.449799
0.063570
0.170328
0.477424
0.103131
0.089381
0.433972
0.353770
0.184381
0.551334
0.165462
0.181683
0.042658
0.113051
0.070964
0.078878
0.157241
0.092711
0.001444
0.377365
0.003387
0.245005
0.144052
0.160163
0.045902
0.137730
0.105500
0.112352
0.158994
0.005404
0.234967
0.038566
0.154763
0.177873
0.045171
0.051031
0.184995
0.057536
0.003054
0.386120
0.284662
0.338199
0.183489
0.231400
0.043617
0.079234
0.416471
0.195568
0.071234
0.140865
0.057363
0.041937
0.001506
0.140373
0.197809
0.119595
0.058273
0.045126
0.106457
0.610226
0.522033
0.208694
0.433565
0.469015
0.079457
0.201436
0.512684
0.241659
0.151837
0.376882
0.013614
0.055831
0.031055
0.172689
0.079214
0.088219
0.061398
0.084873
0.193523
0.043053
0.206081
0.191220
0.145801
0.235153
0.044591
0.099819
0.094014
0.054939
0.004744
0.043942
0.170628
0.490210
0.453209
0.099908
0.207199
0.488560
0.061841
0.115742
0.440259
0.316273
0.203046
0.568956
0.181321
0.176326
0.022047
0.131133
0.039199
0.021256
0.160885
0.073333
0.018653
0.362265
0.012380
0.231792
0.148963
0.159079
0.052768
0.136905
0.126572
0.030091
0.175053
0.007442
0.154572
0.047414
0.131438
0.160469
0.016348
0.125025
0.133702
0.031280
0.040210
0.449438
0.345664
0.227881
0.215277
0.342207
0.042570
0.071033
0.416597
0.313328
0.055926
0.153232
0.000854
0.022446
0.019415
0.177891
0.121476
0.073023
0.056118
0.078819
0.136489
0.550995
0.344882
0.376407
0.013573
0.096314
0.083198
0.001167
0.010097
0.026234
0.109615
0.267688
0.175869
0.344326
0.028992
0.042452
0.087706
0.025358
0.064003
0.021038
0.064072
0.279901
0.036472
0.038721
0.071128
0.022702
0.011945
0.011110
0.049040
0.018606
0.008233
0.060332
0.143377
0.496693
0.244985
0.518121
0.108624
0.432989
0.058363
0.207889
0.216963
0.174339
0.136082
0.515802
0.137319
0.293251
0.310924
0.414967
0.143794
0.406311
0.307448
0.077136
0.219502
0.319363
0.138443
0.150579
0.421874
0.447554
0.080236
0.304349
0.344614
0.095535
0.357820
0.030156
0.220566
0.266366
0.289885
0.650915
0.088603
0.047193
0.249089
0.218241
0.075071
0.412186
0.075643
0.518153
0.287031
0.616135
0.045520
0.427389
0.393288
0.164490
0.372799
0.061306
0.165955
0.597611
0.446515
0.718116
0.172188
0.141326
0.213635
0.094006
0.001269
0.559001
0.148801
0.399563
0.517901
0.684749
0.152162
0.632938
0.569315
0.167587
0.430712
0.259933
0.436234
0.102523
0.461959
0.895402
0.468772
0.483679
0.122408
0.021251
0.996548
0.905191
0.985445
0.423863
0.876088
0.549933
0.054455
0.244198
0.019055
0.210283
