0.104210
0.106031
0.194765
0.058929
0.102617
0.131706
0.110586
0.058513
0.133808
0.038251
0.040856
0.007079
0.059948
0.009021
0.031285
0.033284
0.193107
0.094677
0.002652
0.038730
0.084758
0.024337
0.002208
0.092452
0.064807
0.012201
0.432725
0.130230
0.297047
0.000277
0.028271
0.049756
0.022754
0.032528
0.014486
0.093068
0.332072
0.225145
0.280387
0.125063
0.203220
0.049255
0.062220
0.259256
0.113476
0.011674
0.017981
0.169141
0.220476
0.076631
0.028895
0.041351
0.008227
0.033828
0.022648
0.041157
0.341296
0.052256
0.271311
0.052083
0.146375
0.024423
0.140696
0.095027
0.077342
0.221634
0.025325
0.167186
0.112623
0.282809
0.287874
0.102425
0.077246
0.237812
0.111400
0.044294
0.447376
0.041383
0.344432
0.097044
0.191200
0.222528
0.164136
0.003283
0.085806
0.338495
0.355846
0.323172
0.051301
0.265726
0.256055
0.057884
0.109781
0.070708
0.089652
0.148722
0.303704
0.242574
0.196142
0.082516
0.107506
0.007354
0.111266
0.078080
0.015526
0.072477
0.070143
0.016940
0.188629
0.009342
0.187079
0.005630
0.118453
0.013959
0.054406
0.049054
0.022362
0.037317
0.401473
0.040303
0.284888
0.195346
0.254108
0.048744
0.130765
0.229465
0.025070
0.254906
0.304005
0.110403
0.283611
0.009007
0.047412
0.050786
0.014329
0.143008
0.133575
0.051387
0.011298
0.136569
0.089428
0.194345
0.206809
0.004897
0.076078
0.182609
0.016588
0.095332
0.370567
0.073124
0.206944
0.010635
0.116219
0.054076
0.068917
0.039563
0.050734
0.047775
0.024190
0.152165
0.006854
0.112620
0.082153
0.024297
0.046932
0.175449
0.092678
0.081858
0.473617
0.182787
0.246275
0.008192
0.093320
0.071404
0.073463
0.036606
0.119289
0.052663
0.172034
0.041423
0.081136
0.079781
0.006712
0.031694
0.000019
0.033511
0.064169
0.118977
0.299475
0.244011
0.182629
0.067836
0.130914
0.043079
0.073078
0.006185
0.031859
0.057591
0.039005
0.026445
0.198069
0.077573
0.186530
0.002361
0.153300
0.018627
0.029926
0.072154
0.001007
0.080198
0.399697
0.018918
0.298330
0.188468
0.304947
0.061372
0.205236
0.195314
0.144454
0.153946
0.315481
0.185420
0.174109
0.216330
0.497434
0.105970
0.357040
0.396628
0.179170
0.283668
0.080333
0.278534
0.204255
0.297041
0.454662
0.015732
0.022086
0.291009
0.147476
0.152327
0.411089
0.339838
0.075229
0.339413
0.535100
0.169172
0.106573
0.356999
0.233346
0.093364
0.041287
0.120917
0.149180
0.240305
0.590001
0.226079
0.429813
0.331137
0.129482
0.437355
0.544453
0.387057
0.228562
0.464396
0.886950
0.777345
0.433099
0.174128
0.009520
0.995449
0.663684
0.980689
0.629597
0.679108
0.840894
0.012830
0.372171
0.330608
0.101601
0.129118
0.259305
0.067924
0.173307
0.254432
0.021007
0.139905
0.139706
0.015980
0.096690
0.125036
0.087830
0.035082
0.235931
0.061123
0.124432
0.021436
0.059482
0.009344
0.057472
0.070145
0.027775
0.031497
0.435143
0.108414
0.208315
0.039996
0.051563
0.016610
0.050735
0.166794
0.010928
0.182051
0.305788
0.284326
0.227532
0.079423
0.047951
0.022932
0.013530
0.135544
0.089782
0.000561
0.013531
0.138796
0.252795
0.042517
0.055814
0.007611
0.007199
0.025216
0.032706
0.062893
0.335052
0.174216
0.202869
0.129743
0.155633
0.058179
0.082860
0.206716
0.168915
0.035701
0.017469
0.086048
0.045449
0.038392
0.033249
0.038627
0.007368
0.009218
0.020949
0.151382
0.495992
0.218884
0.265304
0.028285
0.142857
0.018008
0.012561
0.028761
0.093800
0.058018
0.136872
0.077808
0.115641
0.030854
0.107508
0.049339
0.044957
0.006078
0.073885
