0.071891
0.060542
0.127378
0.043790
0.099783
0.172761
0.459919
0.551155
0.045790
0.285603
0.455821
0.101732
0.071046
0.301706
0.215544
0.129491
0.287494
0.284902
0.164677
0.123342
0.275818
0.094348
0.004202
0.164225
0.097048
0.042998
0.100792
0.048061
0.133627
0.143405
0.292833
0.159974
0.263898
0.188494
0.054568
0.167887
0.173901
0.120926
0.017932
0.170898
0.308766
0.017580
0.070354
0.144473
0.032051
0.170953
0.432977
0.076044
0.151916
0.018378
0.347959
0.184206
0.180068
0.206092
0.000094
0.041597
0.043438
0.045793
0.172150
0.090281
0.214546
0.055094
0.162381
0.137371
0.071237
0.175055
0.299536
0.295130
0.030885
0.346806
0.510374
0.107653
0.119555
0.257814
0.193529
0.077928
0.118375
0.049253
0.209694
0.164876
0.502240
0.385443
0.323202
0.027807
0.009595
0.606452
0.467479
0.600810
0.360493
0.433486
0.523521
0.034516
0.221473
0.140825
0.153332
0.075578
0.231710
0.069063
0.338664
0.453464
0.185024
0.200082
0.468611
0.078356
0.002385
0.436866
0.315121
0.045834
0.273116
0.150929
0.007736
0.107753
0.214847
0.106014
0.108805
0.246781
0.002812
0.114179
0.116998
0.034938
0.003853
0.071941
0.189129
0.096760
0.134804
0.113507
0.021760
0.117383
0.172854
0.085520
0.026014
0.052404
0.231608
0.054660
0.018347
0.097362
0.069036
0.074471
0.388914
0.221526
0.040646
0.227159
0.495489
0.066516
0.040444
0.390289
0.148804
0.102100
0.021427
0.074193
0.199314
0.234481
0.409099
0.220583
0.386493
0.236765
0.007217
0.180560
0.292722
0.385641
0.104800
0.511550
0.637932
0.158695
0.221220
0.455484
0.187331
0.114647
0.138910
0.183849
0.217901
0.361909
0.853834
0.340680
0.545161
0.143354
0.061674
0.997555
0.686450
0.948705
0.549395
0.804472
0.836690
0.122324
0.217326
0.306847
0.184956
0.225226
0.188914
0.098807
0.332207
0.444668
0.143426
0.242281
0.495532
0.089610
0.101300
0.453811
0.322694
0.162833
0.281916
0.082238
0.026146
0.127056
0.281602
0.079471
0.107995
0.219285
0.005249
0.184996
0.091449
0.032305
0.028383
0.142961
0.232244
0.077256
0.148440
0.050555
0.011161
0.147464
0.151432
0.145838
0.055174
0.027680
0.136528
0.029412
0.102754
0.109446
0.060650
0.097079
0.428530
0.222732
0.191121
0.168303
0.270752
0.048258
0.068067
0.318566
0.167057
0.101316
0.001392
0.004271
0.056319
0.035638
0.156716
0.109659
0.073248
0.017087
0.047487
0.117714
0.275797
0.264829
0.233174
0.037035
0.034879
0.000430
0.018051
0.055124
0.002552
0.137204
0.221120
0.245905
0.133675
0.155792
0.160138
0.087673
0.052933
0.029262
0.030450
0.047728
0.124557
0.047906
0.031570
0.066835
0.025741
0.060275
0.005464
0.000388
0.014620
0.036207
0.131365
0.048703
0.358550
0.474440
0.579813
0.068111
0.384614
0.026890
0.188419
0.232093
0.130189
0.200178
0.209537
0.237892
0.108744
0.290928
0.336994
0.129420
0.290742
0.213143
0.035375
0.134817
0.058892
0.130221
0.113663
0.291187
0.293259
0.055817
0.216554
0.183270
0.073688
0.102848
0.140984
0.014904
0.160812
0.134655
0.167495
0.031721
0.035768
0.017566
0.006598
0.028743
0.424238
0.094470
0.329174
0.179382
0.298496
0.048176
0.191433
0.166622
0.067622
0.258641
0.070065
0.130541
0.162213
0.236645
0.269719
0.037789
0.042055
0.165649
0.039290
0.021393
0.260640
0.002776
0.147882
0.154845
0.190887
0.022153
0.189171
0.193150
0.070626
0.165013
0.238805
0.264465
0.106397
0.183255
0.240459
0.088692
0.059721
0.003633
0.042165
0.197920
0.163223
0.209929
0.080494
0.186251
0.112238
0.043753
0.058429
0.067579
0.034311
