0.048288
0.047753
0.075403
0.038942
0.080349
0.178349
0.547865
0.517979
0.049561
0.239294
0.428261
0.078349
0.058203
0.273068
0.215631
0.187432
0.598482
0.534069
0.262308
0.277186
0.475292
0.092833
0.111169
0.434728
0.226298
0.098955
0.276716
0.061278
0.169010
0.152884
0.343596
0.224848
0.317410
0.267787
0.062094
0.230586
0.453157
0.336336
0.116835
0.395072
0.543884
0.124006
0.152978
0.355288
0.164108
0.198707
0.483717
0.093758
0.080912
0.000535
0.539433
0.276318
0.301966
0.313852
0.002049
0.242762
0.186426
0.178580
0.282041
0.217155
0.574818
0.183875
0.392160
0.375535
0.127630
0.405342
0.202343
0.324397
0.231375
0.535494
0.736944
0.119921
0.188048
0.320881
0.177664
0.121502
0.137173
0.176749
0.267968
0.320015
0.879431
0.624010
0.458600
0.110157
0.002676
0.996417
0.784304
0.978387
0.526376
0.652742
0.844808
0.089881
0.367109
0.240762
0.232669
0.202456
0.187607
0.099695
0.132405
0.474138
0.190992
0.218142
0.431634
0.027278
0.088137
0.403309
0.290313
0.120716
0.583570
0.218556
0.201463
0.090468
0.095542
0.072188
0.024567
0.192080
0.073705
0.009622
0.228058
0.014000
0.061175
0.116848
0.026999
0.060841
0.041960
0.060510
0.002233
0.017763
0.407184
0.196419
0.180986
0.080123
0.261072
0.117191
0.023071
0.208439
0.156839
0.078838
0.475837
0.035245
0.085655
0.052982
0.230229
0.101532
0.011685
0.137543
0.098598
0.013195
0.176569
0.024221
0.229590
0.191565
0.240510
0.120286
0.235749
0.157501
0.025684
0.179247
0.178602
0.288661
0.100335
0.387677
0.469155
0.110531
0.184311
0.352730
0.130951
0.070890
0.166382
0.077202
0.172250
0.189447
0.496438
0.219693
0.371860
0.057787
0.067814
0.604777
0.457249
0.574967
0.306153
0.508022
0.494503
0.057521
0.177896
0.171424
0.163130
0.120043
0.145830
0.074947
0.161297
0.485239
0.149855
0.267981
0.480376
0.134673
0.120797
0.429819
0.286297
0.219543
0.604254
0.210512
0.190850
0.073527
0.161158
0.057118
0.088086
0.194976
0.030089
0.057068
0.195758
0.000204
0.080042
0.051536
0.013091
0.036259
0.012596
0.073293
0.045983
0.112920
0.402779
0.107686
0.252278
0.084525
0.105821
0.003806
0.093820
0.092723
0.142469
0.018798
0.460497
0.082823
0.361543
0.175739
0.107305
0.121534
0.005841
0.004378
0.032305
0.022928
0.215048
0.224622
0.030161
0.166625
0.192203
0.013790
0.017312
0.203227
0.177763
0.029157
0.123794
0.102532
0.245115
0.086687
0.269057
0.110033
0.231455
0.196686
0.060108
0.283763
0.264317
0.249200
0.032672
0.186159
0.350174
0.297357
0.114857
0.046943
0.062118
0.334827
0.267414
0.330553
0.234566
0.243946
0.288936
0.036234
0.109483
0.109392
0.044238
0.077640
0.143540
0.059276
0.179485
0.561662
0.497482
0.006323
0.338956
0.085972
0.151353
0.184555
0.079088
0.165087
0.568241
0.160721
0.328150
0.300298
0.403841
0.193411
0.376747
0.263545
0.100976
0.222167
0.183651
0.223145
0.150500
0.466649
0.467298
0.102150
0.327898
0.317920
0.143223
0.223640
0.394892
0.164213
0.322536
0.082458
0.183526
0.009628
0.060568
0.102079
0.108226
0.011251
0.475337
0.273339
0.058215
0.241815
0.279107
0.078466
0.178315
0.117186
0.038758
0.211951
0.214259
0.167496
0.057070
0.278394
0.318951
0.071031
0.077647
0.253030
0.098163
0.029192
0.154015
0.030470
0.080137
0.115147
0.122468
0.051062
0.119165
0.120681
0.030713
0.158762
0.221250
0.239337
0.138328
0.137580
0.245733
0.102166
0.104603
0.014282
0.037173
0.210591
0.116071
0.223111
0.123196
0.174831
0.124405
0.034026
0.036326
0.004459
0.098727
