0
273
211
200
203
204
211
255
203
215
215
255
225
216
192
244
237
238
266
246
242
221
266
241
211
190
284
230
209
251
217
247
212
251
204
233
251
242
231
236
229
268
204
274
261
223
271
196
269
266
219
272
263
190
239
283
255
244
206
198
219
277
217
253
266
276
200
273
270
219
247
227
244
222
265
255
203
250
230
284
270
235
211
190
227
197
212
231
226
266
192
275
221
231
282
219
250
206
257
257
285
246
223
251
232
238
264
200
194
232
272
246
255
273
201
278
208
216
280
265
271
276
243
244
265
230
244
275
189
271
235
192
219
210
276
252
232
258
282
250
209
271
280
209
224
223
268
240
205
269
282
279
247
196
248
218
279
243
278
205
239
215
229
254
241
245
286
241
257
272
274
252
201
251
199
258
265
255
216
221
202
255
236
196
219
279
233
233
213
209
237
228
189
190
282
283
261
251
229
253
211
199
248
252
271
218
192
196
206
248
209
280
260
245
282
263
273
246
209
197
240
280
206
258
205
253
220
201
240
278
196
270
207
245
228
237
191
196
244
193
251
238
232
283
287
285
200
210
231
243
194
283
205
195
246
211
258
197
201
197
224
267
224
214
284
195
252
225
211
285
258
215
214
203
222
191
210
240
196
264
228
253
263
204
198
241
237
279
191
276
214
196
263
283
239
267
196
285
261
212
261
247
223
206
209
241
191
217
269
223
198
215
211
222
268
263
232
190
216
267
216
276
197
194
223
198
265
240
207
216
252
255
277
268
193
190
204
235
258
249
280
268
265
269
220
242
204
232
242
249
219
276
217
278
230
216
212
192
276
281
228
267
273
223
207
224
235
223
254
284
255
266
254
254
214
241
287
194
190
281
232
193
285
268
220
200
270
264
281
284
226
226
226
198
246
256
238
267
275
200
269
209
213
203
254
248
274
222
224
230
194
272
266
270
209
247
190
223
195
210
271
229
232
218
215
202
252
274
260
260
280
247
235
239
281
268
258
270
279
201
267
270
201
208
218
216
253
228
257
252
238
221
226
255
199
232
212
254
223
190
266
205
278
220
201
214
272
200
232
252
250
222
271
251
225
241
237
240
265
191
282
238
273
233
283
236
284
281
210
258
277
251
278
244
209
271
257
225
232
279
