0.134396
0.126927
0.116399
0.119815
0.123499
0.126078
0.123386
0.110412
0.106085
0.134089
0.124762
0.145968
0.152096
0.187045
0.128740
0.126279
0.115949
0.125284
0.124257
0.113810
0.128636
0.126138
0.136278
0.126245
0.144318
0.116423
0.117682
0.134016
0.195961
0.116785
0.130103
0.167689
0.133504
0.154260
0.184174
0.125968
0.136428
0.122540
0.122830
0.192105
0.135850
0.149237
0.180160
0.120203
0.142105
0.116724
0.151987
0.118126
0.114836
0.141313
0.128778
0.124969
0.127649
0.118623
0.117840
0.120903
0.119846
0.156030
0.122398
0.119480
0.121575
0.126578
0.116498
0.149708
0.117952
0.118715
0.131976
0.131408
0.108015
0.127448
0.125346
0.139939
0.122033
0.120094
0.125341
0.121176
0.125511
0.113998
0.126786
0.116952
0.134569
0.122867
0.177180
0.126307
0.124135
0.121663
0.127168
0.116364
0.114444
0.130207
0.114680
0.112737
0.134502
0.142433
0.129814
0.111909
0.125835
0.166613
0.246463
0.152650
0.977491
0.170902
0.142655
0.118171
0.128880
0.142792
0.149967
0.131503
0.126411
0.121328
0.141397
0.113488
0.124759
0.123665
0.175576
0.144858
0.134247
0.136396
0.131876
0.109736
0.116625
0.113399
0.149169
0.116130
0.130087
0.156417
0.148010
0.120594
0.121906
0.114077
0.109771
0.146619
0.117796
0.123187
0.161983
0.126809
0.134186
0.118597
0.122259
0.188149
0.122905
0.156539
0.112799
0.143130
0.132611
0.147212
0.166022
0.118349
0.136956
0.159562
0.114885
0.169428
0.187192
0.112711
0.112261
0.154374
0.214975
0.171099
0.150669
0.201202
0.128679
0.114831
0.122092
0.134936
0.127358
0.135216
0.121502
0.126503
0.111421
0.125707
0.128248
0.115310
0.122039
0.127909
0.111971
0.110763
0.125889
0.136127
0.121470
0.136128
0.117326
0.206612
0.124472
0.129377
0.123577
0.123579
0.108289
0.150168
0.141259
0.158042
0.127025
0.117310
0.136263
0.164304
0.126430
0.181734
0.115969
0.122058
0.128637
0.134626
0.129780
0.118160
0.111659
0.112764
0.115506
0.141126
0.132628
0.122414
0.116018
0.117073
0.134259
0.119179
0.141881
0.140209
0.114887
0.159875
0.145012
0.118055
0.125075
0.117753
0.122711
0.198338
0.160776
0.124501
0.130646
0.138225
0.130759
0.152013
0.128256
0.109642
0.136384
0.126673
0.119070
0.168983
0.144245
0.112064
0.125414
0.119369
0.141517
0.141824
0.117679
0.130412
0.143775
0.194866
0.139038
0.121427
0.115984
0.124064
0.136542
0.130123
0.113965
0.157547
0.102348
0.123271
0.119298
0.117381
