0.128699
0.123108
0.112511
0.156665
0.146219
0.118918
0.133339
0.111103
0.158316
0.143839
0.111242
0.214447
0.115528
0.120680
0.127766
0.163295
0.112534
0.125383
0.117858
0.130167
0.129367
0.124969
0.126960
0.135037
0.185982
0.119191
0.123504
0.141044
0.140939
0.178517
0.146337
0.141398
0.126947
0.114107
0.129945
0.132868
0.109458
0.113621
0.195713
0.135684
0.146348
0.147083
0.125940
0.116320
0.133593
0.159687
0.149171
0.139601
0.117264
0.109544
0.122232
0.110289
0.124493
0.106209
0.115022
0.111532
0.115909
0.181707
0.125047
0.127116
0.143756
0.122083
0.118941
0.127777
0.157665
0.125972
0.111077
0.127882
0.182676
0.127650
0.123293
0.135194
0.138195
0.157513
0.136100
0.167812
0.126960
0.141236
0.130448
0.145815
0.132798
0.114207
0.153604
0.117769
0.121756
0.123053
0.123832
0.111475
0.119833
0.124125
0.112318
0.133775
0.138756
0.120622
0.140809
0.152065
0.108980
0.120100
0.111618
0.114606
0.132608
0.132052
0.123843
0.126685
0.128709
0.118850
0.123853
0.176151
0.113456
0.183706
0.125574
0.116596
0.137652
0.115185
0.110827
0.124991
0.283647
0.122457
0.116500
0.115685
0.121308
0.130066
0.116711
0.118711
0.139907
0.117571
0.141248
0.115533
0.112166
0.978638
0.130977
0.118287
0.125811
0.120073
0.112667
0.136918
0.114122
0.123577
0.153014
0.120932
0.115478
0.120453
0.119506
0.156289
0.137825
0.123859
0.118270
0.132975
0.146586
0.115321
0.132935
0.212301
0.127450
0.125228
0.120007
0.145246
0.204945
0.132020
0.145710
0.112428
0.157174
0.148450
0.155180
0.122897
0.138949
0.132297
0.142427
0.145922
0.158068
0.122897
0.125329
0.132676
0.138945
0.130199
0.128631
0.137819
0.181575
0.135581
0.203673
0.114168
0.180694
0.142749
0.147218
0.136063
0.117394
0.125749
0.125772
0.109433
0.123017
0.137289
0.181137
0.223718
0.115918
0.115344
0.132089
0.120323
0.133615
0.108233
0.126411
0.120749
0.138550
0.124224
0.125826
0.120137
0.139324
0.118002
0.117679
0.126681
0.128087
0.123084
0.126299
0.127901
0.167825
0.127662
0.127715
0.120223
0.116204
0.115761
0.116113
0.121295
0.135981
0.134131
0.108941
0.120580
0.122184
0.131666
0.123144
0.121214
0.127899
0.134248
0.147412
0.133373
0.156892
0.115926
0.142319
0.133623
0.131026
0.109749
0.127243
0.113426
0.165047
0.119512
0.165400
0.139189
0.211845
0.151000
0.151521
0.139949
0.123395
0.115860
0.111532
0.116956
0.159717
0.140133
0.133334
0.111295
