0.135252
0.117391
0.137990
0.176089
0.142985
0.125951
0.116508
0.125594
0.129605
0.133906
0.121948
0.124069
0.169799
0.165750
0.152570
0.141098
0.118950
0.120691
0.125333
0.136571
0.142293
0.212130
0.144765
0.118799
0.128748
0.111760
0.123728
0.145438
0.134181
0.124707
0.138950
0.128452
0.116604
0.125463
0.123717
0.124962
0.159225
0.133220
0.140184
0.131540
0.182008
0.126933
0.122058
0.123430
0.125518
0.133766
0.119760
0.148396
0.169456
0.157978
0.230769
0.976213
0.128910
0.119416
0.127163
0.125120
0.128634
0.122313
0.131886
0.121370
0.167298
0.120205
0.148736
0.154464
0.111774
0.121225
0.126337
0.121329
0.151510
0.114567
0.195379
0.128858
0.141652
0.107658
0.127456
0.114578
0.162702
0.144745
0.157687
0.129977
0.140071
0.124543
0.133186
0.146304
0.117180
0.127798
0.122133
0.131460
0.127254
0.115461
0.114605
0.122391
0.117678
0.178564
0.119977
0.126254
0.118307
0.106766
0.180650
0.139450
0.173026
0.145976
0.138724
0.180531
0.112783
0.113214
0.178465
0.109140
0.137931
0.111154
0.137797
0.112085
0.133290
0.146636
0.117969
0.115957
0.139938
0.119600
0.152081
0.118810
0.123308
0.115430
0.125848
0.129551
0.137971
0.145842
0.114730
0.115128
0.124750
0.122551
0.115967
0.140036
0.118270
0.132662
0.120940
0.121956
0.126114
0.130448
0.113262
0.117308
0.150854
0.137011
0.144779
0.114762
0.188234
0.171936
0.141573
0.179788
0.148248
0.126237
0.112447
0.133736
0.147222
0.130654
0.132839
0.126255
0.115554
0.140043
0.119201
0.114366
0.152955
0.144323
0.112233
0.157955
0.132567
0.111381
0.124055
0.119315
0.123695
0.118257
0.122850
0.162429
0.145013
0.112916
0.115201
0.115278
0.168847
0.148334
0.116564
0.142139
0.123243
0.118066
0.118474
0.131154
0.188397
0.137796
0.120374
0.144765
0.173488
0.127358
0.128370
0.127869
0.165158
0.216248
0.140678
0.152972
0.127318
0.126642
0.141071
0.144679
0.191345
0.132493
0.117651
0.123086
0.132867
0.127681
0.152010
0.122266
0.122660
0.131447
0.128979
0.212963
0.136786
0.140622
0.213500
0.122132
0.145202
0.123650
0.118034
0.143186
0.120503
0.135333
0.128944
0.108533
0.118608
0.123720
0.127179
0.126545
0.114230
0.115315
0.114788
0.134486
0.142999
0.114749
0.111606
0.107903
0.144008
0.121194
0.129068
0.139821
0.152401
0.136569
0.126448
0.224793
0.127788
0.108898
0.124524
0.121515
0.124457
0.131642
0.131082
0.116850
0.137089
0.113478
0.134261
0.134562
