0.125316
0.117115
0.104839
0.136852
0.117883
0.116649
0.120056
0.113548
0.126000
0.129986
0.143814
0.110599
0.116303
0.122562
0.152365
0.116056
0.109775
0.126645
0.167343
0.121799
0.113671
0.130841
0.125514
0.131885
0.119837
0.148603
0.168328
0.129447
0.124608
0.131291
0.140721
0.109629
0.128736
0.118161
0.133036
0.184770
0.101685
0.118775
0.119176
0.108612
0.118197
0.137502
0.141043
0.127505
0.116497
0.131479
0.107047
0.124824
0.261151
0.129787
0.120791
0.146155
0.174370
0.151211
0.136854
0.119627
0.120306
0.151886
0.130740
0.124041
0.141834
0.131521
0.120771
0.122470
0.123912
0.128221
0.119510
0.113452
0.115453
0.144619
0.133620
0.139515
0.112773
0.127953
0.184078
0.116757
0.134970
0.130326
0.122723
0.111243
0.116367
0.107963
0.117779
0.120026
0.120151
0.114165
0.134783
0.108796
0.142894
0.119992
0.127932
0.116282
0.123698
0.111673
0.143683
0.114118
0.108680
0.131511
0.212793
0.116339
0.126871
0.118003
0.135900
0.126356
0.112615
0.110276
0.112539
0.125549
0.972509
0.128584
0.118700
0.118731
0.127884
0.138747
0.121330
0.122548
0.113502
0.125486
0.141541
0.118841
0.123511
0.163668
0.126270
0.125796
0.117703
0.112548
0.114844
0.120472
0.116853
0.117551
0.132887
0.120779
0.116202
0.124842
0.208841
0.124781
0.210055
0.153474
0.146297
0.129093
0.140045
0.115988
0.122063
0.118381
0.121033
0.119837
0.135795
0.115156
0.117252
0.139237
0.140726
0.134145
0.117493
0.127664
0.113648
0.118365
0.108865
0.138458
0.131554
0.118913
0.124880
0.130041
0.120326
0.175299
0.120132
0.117123
0.126321
0.123260
0.116677
0.108597
0.120635
0.126907
0.131645
0.216746
0.129065
0.116503
0.136909
0.120231
0.129014
0.147004
0.133102
0.116548
0.113204
0.113603
0.114175
0.139673
0.117297
0.122288
0.145217
0.124357
0.116312
0.127499
0.126969
0.123769
0.130396
0.103414
0.120828
0.122440
0.201344
0.128866
0.123094
0.114766
0.134330
0.131216
0.117166
0.125109
0.116359
0.107437
0.135201
0.112470
0.124027
0.123653
0.133733
0.127249
0.202070
0.125670
0.130391
0.126522
0.120167
0.115873
0.112202
0.130967
0.127276
0.114262
0.123254
0.133730
0.120584
0.121785
0.127623
0.119746
0.135252
0.130675
0.122936
0.124430
0.140424
0.109481
0.146091
0.144545
0.125389
0.126655
0.110955
0.113430
0.117923
0.131888
0.116653
0.098776
0.134440
0.132527
0.157503
0.137488
0.115600
0.115988
0.128052
0.110769
0.131018
0.116839
