0.141905
0.115757
0.144304
0.152333
0.117426
0.131742
0.125421
0.110079
0.123696
0.114942
0.115086
0.115874
0.124365
0.130562
0.121926
0.134401
0.119929
0.158975
0.124380
0.114984
0.114101
0.113941
0.979140
0.109052
0.196974
0.121915
0.132074
0.149306
0.117967
0.119692
0.118480
0.168856
0.134002
0.129571
0.111193
0.114143
0.120908
0.165216
0.176360
0.125531
0.123111
0.128985
0.129054
0.116618
0.131136
0.124004
0.129544
0.123768
0.173741
0.156971
0.139303
0.143772
0.110650
0.111984
0.106706
0.105833
0.125724
0.138724
0.122420
0.120821
0.115474
0.119139
0.111934
0.115742
0.139218
0.123405
0.128066
0.153223
0.131608
0.122009
0.228306
0.126716
0.126422
0.115270
0.273038
0.117108
0.187569
0.119634
0.187055
0.118349
0.115369
0.117986
0.133974
0.133662
0.130410
0.148498
0.120243
0.126440
0.131440
0.165658
0.148000
0.120801
0.115912
0.121568
0.124175
0.121058
0.117374
0.135386
0.118772
0.112543
0.126175
0.145302
0.118591
0.136355
0.129258
0.150358
0.113616
0.128852
0.123788
0.160086
0.160918
0.107808
0.120546
0.154918
0.124331
0.124457
0.140256
0.112085
0.115121
0.123552
0.137924
0.127133
0.163541
0.121575
0.113742
0.117105
0.124563
0.126847
0.121415
0.121690
0.162130
0.177907
0.183282
0.144996
0.123476
0.163440
0.115306
0.132948
0.116110
0.120009
0.118308
0.176758
0.137498
0.126261
0.129953
0.116099
0.124674
0.134198
0.138490
0.129194
0.119955
0.115478
0.121985
0.140983
0.115445
0.127107
0.136464
0.130389
0.133409
0.123955
0.110869
0.127656
0.135164
0.121421
0.149045
0.144681
0.120259
0.135997
0.115292
0.126666
0.163095
0.144994
0.216141
0.177407
0.168815
0.118529
0.129905
0.120154
0.134016
0.190025
0.113486
0.128831
0.123007
0.120102
0.102553
0.116211
0.118378
0.164698
0.203265
0.106951
0.114582
0.121679
0.128163
0.133020
0.146519
0.115372
0.113509
0.127644
0.125053
0.110246
0.123000
0.119404
0.148383
0.107134
0.121262
0.112150
0.158933
0.151092
0.127921
0.112844
0.129948
0.137726
0.147392
0.127125
0.118823
0.228081
0.155415
0.133624
0.116561
0.117939
0.128914
0.123061
0.130114
0.141137
0.131488
0.108813
0.116941
0.127025
0.124596
0.112764
0.120762
0.112478
0.118657
0.146473
0.132981
0.128810
0.113992
0.128125
0.110827
0.126778
0.125745
0.119765
0.143141
0.183519
0.113651
0.139658
0.133414
0.108280
0.111956
0.112801
0.130801
0.123692
0.220577
0.130605
0.123637
0.119310
