0.125183
0.117736
0.107563
0.135641
0.140050
0.138752
0.118135
0.141756
0.128212
0.979159
0.144535
0.102958
0.129545
0.124836
0.130776
0.113468
0.133486
0.124617
0.128393
0.134205
0.113430
0.114818
0.131270
0.131067
0.114507
0.153277
0.111167
0.121496
0.182368
0.128827
0.127896
0.132862
0.157956
0.175535
0.115385
0.128814
0.118637
0.138829
0.119826
0.122142
0.131493
0.120281
0.137700
0.130195
0.122792
0.110264
0.128604
0.110252
0.138763
0.122936
0.112599
0.120704
0.145904
0.124517
0.109084
0.119812
0.118367
0.121873
0.134923
0.134202
0.117168
0.131148
0.126240
0.123454
0.140720
0.134490
0.122715
0.155462
0.118836
0.132438
0.128688
0.214249
0.114867
0.123078
0.117992
0.121394
0.121471
0.120706
0.121915
0.115019
0.130598
0.120355
0.134978
0.130671
0.116733
0.127875
0.131699
0.123469
0.108834
0.117237
0.141630
0.109397
0.131773
0.135567
0.114985
0.144558
0.189759
0.183945
0.143249
0.178677
0.153869
0.122026
0.156546
0.139476
0.131183
0.132221
0.128563
0.123124
0.148105
0.120988
0.135315
0.116956
0.141851
0.121223
0.180925
0.113504
0.112536
0.138373
0.133750
0.121959
0.127700
0.133252
0.144793
0.136679
0.118336
0.117956
0.120198
0.121980
0.121871
0.114040
0.141432
0.124620
0.218509
0.135097
0.118833
0.129647
0.168425
0.116788
0.165642
0.125673
0.179209
0.127516
0.147995
0.147393
0.116079
0.129194
0.128093
0.120899
0.139175
0.126822
0.123579
0.119934
0.135576
0.117179
0.121444
0.130728
0.213694
0.223753
0.179802
0.198831
0.127536
0.121583
0.130234
0.126299
0.115031
0.119503
0.133210
0.133906
0.121097
0.135337
0.117548
0.120028
0.177917
0.111832
0.132950
0.125174
0.130311
0.194178
0.140422
0.117344
0.112460
0.179831
0.116909
0.145563
0.125210
0.146698
0.141915
0.143410
0.122793
0.130471
0.149938
0.144505
0.122673
0.122663
0.115370
0.115306
0.119896
0.121224
0.122314
0.132508
0.131131
0.134644
0.129088
0.114671
0.136919
0.116610
0.119882
0.147668
0.126241
0.183478
0.135786
0.114805
0.113892
0.131473
0.161793
0.116091
0.220936
0.129251
0.128985
0.107289
0.138269
0.163932
0.120326
0.120117
0.161502
0.119953
0.121091
0.181691
0.127365
0.115929
0.173059
0.122241
0.125128
0.121430
0.122678
0.168526
0.117161
0.117112
0.131072
0.114197
0.127119
0.118110
0.135184
0.154921
0.130295
0.138213
0.129019
0.123219
0.174578
0.118830
0.110949
0.136861
0.130476
0.125644
0.144724
0.129226
