0.176626
0.114204
0.134198
0.152845
0.121097
0.121631
0.125224
0.143217
0.120697
0.158577
0.127181
0.180739
0.165271
0.149507
0.182119
0.133086
0.116190
0.122590
0.124177
0.126442
0.114976
0.134014
0.123606
0.140788
0.118918
0.145130
0.122640
0.121695
0.212299
0.118049
0.179412
0.137986
0.125204
0.110289
0.130334
0.117479
0.145346
0.117289
0.110874
0.149198
0.116162
0.135749
0.144170
0.136656
0.121870
0.165263
0.154931
0.127923
0.135210
0.110512
0.111503
0.217552
0.127352
0.112403
0.130956
0.120051
0.128211
0.129555
0.118015
0.106536
0.121272
0.115942
0.113770
0.131871
0.132681
0.115456
0.119181
0.116319
0.138385
0.122491
0.124732
0.195212
0.139326
0.128751
0.126536
0.150186
0.161656
0.121376
0.200642
0.138686
0.149697
0.135200
0.124277
0.135907
0.125645
0.127100
0.111870
0.112228
0.116596
0.110457
0.114477
0.131495
0.115120
0.124203
0.122930
0.137681
0.126583
0.127213
0.117960
0.113751
0.114849
0.113249
0.125273
0.120857
0.146259
0.124130
0.123709
0.111071
0.156471
0.128812
0.122580
0.119145
0.112654
0.123907
0.128737
0.124845
0.110011
0.151934
0.141987
0.137903
0.127708
0.112012
0.126578
0.129858
0.131243
0.180216
0.141924
0.125605
0.153830
0.107626
0.113262
0.151696
0.135591
0.107536
0.124166
0.109656
0.125212
0.130951
0.125454
0.112469
0.143459
0.123616
0.121012
0.135659
0.143920
0.180757
0.142718
0.146375
0.107752
0.116982
0.120597
0.124043
0.140674
0.141553
0.153329
0.196599
0.128316
0.129113
0.160015
0.127767
0.131846
0.158045
0.138078
0.132013
0.118243
0.118907
0.113007
0.131324
0.135780
0.123235
0.117209
0.148727
0.108619
0.119037
0.122733
0.132600
0.116001
0.134012
0.122322
0.196773
0.131376
0.118227
0.131856
0.128624
0.140140
0.148638
0.147090
0.135577
0.123435
0.110663
0.117109
0.121736
0.139964
0.126171
0.133434
0.130316
0.120616
0.161352
0.117663
0.117059
0.177845
0.143163
0.123956
0.127229
0.171985
0.134716
0.113358
0.128989
0.162966
0.128735
0.119785
0.120564
0.125309
0.121066
0.110429
0.122374
0.117508
0.117141
0.122954
0.109147
0.138938
0.135935
0.140715
0.127763
0.111716
0.177149
0.157356
0.119737
0.126505
0.170212
0.131440
0.128828
0.133485
0.123995
0.157785
0.125623
0.156428
0.149431
0.980209
0.154341
0.106483
0.112467
0.110303
0.150392
0.132367
0.139912
0.114324
0.115359
0.128493
0.118816
0.112058
0.116165
0.128782
0.140344
0.130057
0.121858
