0.118650
0.117692
0.114239
0.117163
0.116820
0.123914
0.122603
0.122443
0.139766
0.125661
0.122652
0.155733
0.130756
0.135873
0.122127
0.117616
0.115183
0.113758
0.116688
0.157144
0.113778
0.118217
0.123728
0.116019
0.118135
0.112396
0.122070
0.121975
0.113935
0.116749
0.128078
0.121794
0.113157
0.132424
0.110545
0.113304
0.116507
0.136167
0.113390
0.135607
0.116113
0.122361
0.109079
0.150725
0.119947
0.118357
0.115762
0.118637
0.129007
0.119976
0.123515
0.111774
0.119160
0.109366
0.122140
0.120553
0.112797
0.116935
0.118697
0.127176
0.112615
0.118147
0.121359
0.125572
0.127911
0.113854
0.136404
0.147105
0.120217
0.139003
0.124854
0.117968
0.133665
0.130874
0.123568
0.121480
0.145435
0.114399
0.116401
0.118674
0.118658
0.109721
0.121846
0.127169
0.120443
0.115905
0.140833
0.117621
0.118012
0.124786
0.116020
0.122431
0.120621
0.129843
0.132260
0.113568
0.137003
0.128769
0.135195
0.113374
0.115537
0.130082
0.133584
0.119787
0.126906
0.118357
0.118786
0.125253
0.114584
0.111414
0.109382
0.131384
0.121171
0.113555
0.125860
0.122228
0.117139
0.137798
0.120454
0.117532
0.120997
0.119429
0.124202
0.120567
0.147003
0.130617
0.132059
0.126156
0.130285
0.132927
0.116138
0.119212
0.112875
0.117592
0.109372
0.120110
0.112337
0.150211
0.126516
0.150343
0.123116
0.120011
0.119773
0.116874
0.115375
0.123523
0.115815
0.138460
0.118077
0.124296
0.114801
0.113739
0.129494
0.131052
0.118378
0.125430
0.139439
0.146555
0.113854
0.115919
0.128754
0.125509
0.113660
0.122933
0.143141
0.114522
0.140262
0.468772
0.123422
0.156531
0.123476
0.144609
0.123316
0.109893
0.110139
0.108125
0.129123
0.108927
0.123957
0.148200
0.112525
0.131475
0.115636
0.121343
0.110733
0.122325
0.116788
0.115060
0.131880
0.118896
0.116926
0.125454
0.119122
0.119112
0.117625
0.132290
0.117700
0.114969
0.127946
0.142073
0.121357
0.117385
0.117130
0.111848
0.128570
0.117946
0.132274
0.125183
0.120167
0.128423
0.127017
0.140187
0.116626
0.149161
0.102111
0.147572
0.108972
0.156728
0.127195
0.113491
0.119397
0.144778
0.123438
0.128262
0.127372
0.122536
0.112928
0.135192
0.119462
0.137446
0.137372
0.120411
0.129740
0.117934
0.138409
0.139861
0.136818
0.111571
0.115259
0.117401
0.123310
0.113643
0.113821
0.116159
0.110436
0.121865
0.117418
0.108888
0.122033
0.118193
0.116122
0.155705
0.125061
0.120468
0.119852
0.121535
