0.132979
0.123042
0.140050
0.144132
0.120677
0.122970
0.117677
0.143101
0.114819
0.106947
0.128183
0.126902
0.118642
0.139588
0.134615
0.130024
0.125403
0.120057
0.138136
0.123132
0.120373
0.155351
0.130445
0.122511
0.138126
0.148610
0.115684
0.135537
0.117617
0.135274
0.113023
0.142179
0.118355
0.116225
0.118062
0.112016
0.108649
0.124088
0.116961
0.969396
0.132455
0.157322
0.113557
0.132672
0.115406
0.111413
0.191412
0.124002
0.122553
0.125916
0.189435
0.135244
0.122919
0.164744
0.122893
0.175013
0.125664
0.114470
0.108722
0.132586
0.113405
0.118920
0.126176
0.124267
0.117886
0.113887
0.146875
0.136365
0.117152
0.162002
0.135821
0.127868
0.109885
0.119640
0.120613
0.125606
0.114148
0.112431
0.108303
0.117263
0.127886
0.114615
0.171022
0.116159
0.114491
0.137807
0.127759
0.118284
0.136224
0.137043
0.138617
0.122983
0.129219
0.116877
0.127763
0.129391
0.122252
0.115341
0.122348
0.115632
0.115271
0.115041
0.129670
0.121777
0.168487
0.119068
0.114482
0.117052
0.114225
0.113134
0.138713
0.122615
0.123186
0.126144
0.127127
0.116644
0.113690
0.112585
0.123874
0.121698
0.111787
0.126013
0.128959
0.322102
0.131942
0.109295
0.130356
0.164942
0.117770
0.132961
0.165561
0.121022
0.116487
0.120927
0.132475
0.118609
0.131126
0.147299
0.119793
0.136664
0.139633
0.173494
0.126737
0.124762
0.122656
0.121989
0.120443
0.116779
0.130209
0.120724
0.120102
0.119100
0.140789
0.124881
0.116325
0.112290
0.149056
0.196813
0.130901
0.122286
0.116625
0.116994
0.145516
0.116171
0.111092
0.111486
0.133818
0.133389
0.156286
0.125649
0.106742
0.112340
0.119327
0.124410
0.141832
0.145948
0.113151
0.119667
0.148141
0.110128
0.159186
0.139003
0.155491
0.115937
0.135983
0.119445
0.131550
0.127456
0.158563
0.127597
0.137743
0.169196
0.161386
0.113022
0.113253
0.194760
0.159043
0.128200
0.111469
0.136553
0.116703
0.127995
0.135238
0.136558
0.118139
0.138284
0.138105
0.146959
0.156516
0.118159
0.129050
0.120756
0.115878
0.144120
0.182789
0.140144
0.123042
0.117975
0.138367
0.111780
0.124677
0.131228
0.110142
0.120160
0.121877
0.139508
0.112431
0.140634
0.115026
0.121414
0.182341
0.132648
0.125451
0.159520
0.123436
0.112254
0.134152
0.139414
0.136021
0.111598
0.114907
0.112011
0.131512
0.119088
0.107545
0.108880
0.113293
0.096433
0.126836
0.119721
0.136701
0.142948
0.124452
0.107604
0.125302
0.112603
