0.126941
0.112559
0.123204
0.129134
0.113759
0.125237
0.139560
0.133303
0.159821
0.107020
0.167346
0.122937
0.148192
0.122246
0.167968
0.133543
0.111130
0.112454
0.126913
0.127135
0.135425
0.143738
0.116055
0.125270
0.142616
0.132959
0.120158
0.127787
0.116619
0.120502
0.127109
0.142875
0.122146
0.120634
0.133120
0.165945
0.114848
0.129736
0.124515
0.113416
0.125115
0.127395
0.134900
0.119351
0.135891
0.143222
0.117266
0.113815
0.113476
0.118374
0.114170
0.137772
0.121196
0.131414
0.126589
0.127719
0.120109
0.123349
0.118860
0.128643
0.118385
0.105579
0.160651
0.140698
0.119504
0.119361
0.118400
0.119047
0.203077
0.132907
0.123935
0.160542
0.118580
0.119247
0.114102
0.123402
0.202310
0.201042
0.188690
0.180943
0.124553
0.119279
0.129818
0.120419
0.128620
0.132466
0.127265
0.147911
0.149326
0.124323
0.128036
0.139920
0.204319
0.131428
0.140462
0.152575
0.129890
0.167736
0.139882
0.116179
0.117700
0.121825
0.127265
0.131990
0.155777
0.122570
0.143377
0.156793
0.135766
0.120747
0.157388
0.122631
0.117100
0.132706
0.109857
0.120185
0.118578
0.188019
0.108877
0.112048
0.155044
0.146403
0.980937
0.145545
0.126588
0.123731
0.115887
0.124918
0.129376
0.204332
0.135055
0.147049
0.138172
0.126721
0.124276
0.140340
0.255206
0.134723
0.139313
0.123624
0.124502
0.151585
0.129968
0.138642
0.132148
0.140566
0.119384
0.125759
0.116422
0.113521
0.139032
0.120366
0.136530
0.138887
0.215264
0.116341
0.137124
0.121921
0.118410
0.179887
0.142520
0.154337
0.117185
0.151326
0.132900
0.110065
0.124860
0.155754
0.143898
0.140886
0.128981
0.138762
0.130060
0.129541
0.111292
0.121947
0.146414
0.166889
0.163479
0.204693
0.114522
0.126145
0.118314
0.131781
0.179315
0.153424
0.177824
0.155883
0.121472
0.122818
0.142047
0.119406
0.121700
0.132162
0.121957
0.144731
0.138861
0.115331
0.120113
0.115616
0.128590
0.144620
0.120046
0.130833
0.130607
0.119459
0.141877
0.111428
0.126964
0.131278
0.115856
0.160931
0.106117
0.120405
0.123449
0.121487
0.149751
0.121349
0.140336
0.185486
0.122132
0.137516
0.117354
0.132062
0.117603
0.155788
0.127585
0.151522
0.129163
0.111195
0.110407
0.117957
0.114229
0.136275
0.116946
0.116621
0.126311
0.109298
0.120475
0.131332
0.129832
0.128760
0.113937
0.164394
0.133173
0.147609
0.115626
0.120222
0.119952
0.123983
0.117319
0.126082
0.110601
0.133081
0.141929
0.124481
