0.220725
0.195685
0.157754
0.132729
0.150468
0.110447
0.131599
0.126008
0.115914
0.136894
0.226860
0.148838
0.136809
0.175303
0.131149
0.177291
0.150815
0.127695
0.119795
0.115986
0.116242
0.113488
0.122341
0.128617
0.135543
0.114318
0.117209
0.149642
0.174769
0.140473
0.139409
0.125137
0.106806
0.136957
0.193420
0.132982
0.158343
0.113026
0.117128
0.117692
0.124077
0.210110
0.120278
0.137906
0.120263
0.154619
0.167790
0.131990
0.136462
0.138272
0.128596
0.133555
0.170773
0.133619
0.115134
0.129853
0.119748
0.129197
0.121258
0.132463
0.118996
0.117019
0.107855
0.968181
0.129271
0.120127
0.130813
0.153731
0.120262
0.114412
0.119418
0.118696
0.125797
0.167981
0.155568
0.218249
0.123126
0.161946
0.149157
0.177259
0.120779
0.127220
0.127815
0.121897
0.180850
0.134427
0.142137
0.135657
0.129425
0.126593
0.121896
0.126617
0.114908
0.126163
0.122502
0.115922
0.137898
0.126420
0.138796
0.108249
0.117123
0.119930
0.135480
0.126584
0.134677
0.134059
0.110080
0.125227
0.144042
0.143410
0.119806
0.154079
0.117854
0.118399
0.157834
0.115338
0.172220
0.166796
0.108261
0.130139
0.153076
0.118199
0.110878
0.117207
0.175198
0.115903
0.139296
0.120914
0.133332
0.123970
0.123959
0.120290
0.149576
0.146049
0.111971
0.196202
0.118227
0.122401
0.113994
0.127293
0.142963
0.131432
0.116435
0.118799
0.154036
0.133400
0.161233
0.117991
0.126421
0.140977
0.184198
0.131926
0.213892
0.119993
0.129317
0.108109
0.125664
0.116017
0.134257
0.120055
0.124013
0.122708
0.125640
0.217002
0.117093
0.123424
0.193443
0.194360
0.137437
0.120038
0.118690
0.136811
0.121036
0.127973
0.110372
0.160581
0.184671
0.162285
0.156294
0.113186
0.169870
0.116221
0.202932
0.159408
0.142774
0.120212
0.153297
0.124319
0.149636
0.118415
0.129228
0.120047
0.114827
0.130362
0.134947
0.123360
0.125246
0.142475
0.112635
0.132844
0.129067
0.131261
0.209090
0.105955
0.123956
0.118288
0.128858
0.123522
0.159338
0.117284
0.149655
0.118199
0.125930
0.125031
0.152492
0.118237
0.137904
0.105941
0.117561
0.145666
0.127740
0.123206
0.119728
0.141898
0.119712
0.124590
0.112367
0.130592
0.144748
0.115869
0.124262
0.132640
0.131561
0.167100
0.140691
0.120180
0.136285
0.119534
0.129635
0.123397
0.209758
0.112608
0.133605
0.121660
0.115649
0.156809
0.142759
0.121777
0.125977
0.127389
0.136757
0.118473
0.114458
0.130054
0.116844
0.113655
