0.123919
0.125557
0.127746
0.129362
0.119750
0.119570
0.129837
0.121209
0.116608
0.114720
0.120549
0.132040
0.179129
0.133232
0.120624
0.160181
0.126713
0.144792
0.136300
0.112055
0.135801
0.124922
0.132165
0.123418
0.105897
0.142097
0.129357
0.132501
0.135337
0.107509
0.139981
0.128878
0.177169
0.112145
0.145185
0.119378
0.142375
0.126924
0.136172
0.143319
0.129346
0.137384
0.112352
0.122222
0.123413
0.140426
0.126099
0.163324
0.135740
0.119551
0.133196
0.126684
0.132631
0.123929
0.123825
0.117124
0.121473
0.121638
0.156071
0.121181
0.121328
0.131093
0.139804
0.119345
0.113312
0.114451
0.147506
0.119199
0.120068
0.126604
0.115024
0.116041
0.104154
0.162854
0.114314
0.154043
0.118838
0.126497
0.123027
0.111080
0.116420
0.122970
0.137803
0.140641
0.117599
0.107724
0.123427
0.143417
0.123970
0.133163
0.137473
0.117427
0.126220
0.128491
0.144487
0.157771
0.183596
0.118841
0.122132
0.117827
0.161996
0.131983
0.130608
0.139358
0.118348
0.134773
0.139593
0.121385
0.140568
0.154260
0.125740
0.118666
0.127786
0.141546
0.114940
0.120540
0.105979
0.116154
0.123526
0.120034
0.131139
0.127575
0.117806
0.127029
0.121385
0.123866
0.121890
0.136897
0.131363
0.118722
0.140228
0.159807
0.167704
0.138867
0.119994
0.113844
0.131870
0.114814
0.976209
0.136285
0.128006
0.123012
0.123222
0.117953
0.119235
0.123880
0.106871
0.112896
0.137350
0.126071
0.118985
0.112567
0.127649
0.134678
0.144895
0.128602
0.157264
0.114598
0.111742
0.140769
0.120350
0.134691
0.132088
0.117401
0.141241
0.125092
0.136820
0.108588
0.133175
0.169649
0.110427
0.126779
0.115290
0.126857
0.122518
0.153746
0.115727
0.119225
0.117603
0.121568
0.166450
0.131960
0.117771
0.116733
0.127904
0.150583
0.115813
0.126640
0.129464
0.130769
0.120851
0.118562
0.148123
0.160488
0.141352
0.127499
0.116050
0.176983
0.123157
0.125945
0.128989
0.138951
0.124704
0.119185
0.111575
0.124072
0.139998
0.117776
0.131293
0.104976
0.157492
0.123900
0.125074
0.152545
0.273588
0.113312
0.128488
0.133225
0.139271
0.113485
0.131472
0.128501
0.118730
0.130752
0.132237
0.124197
0.118091
0.111089
0.130158
0.117515
0.127586
0.130453
0.182834
0.147579
0.123162
0.115072
0.129066
0.113356
0.129584
0.129495
0.138338
0.123383
0.150266
0.135439
0.117052
0.123235
0.139659
0.130696
0.147778
0.115909
0.134089
0.122868
0.110798
0.109424
0.142453
0.136301
