0.117899
0.102544
0.109783
0.162823
0.120331
0.119924
0.141157
0.165137
0.139145
0.161278
0.124180
0.124609
0.134213
0.196445
0.120915
0.127178
0.122444
0.113850
0.125943
0.124639
0.146301
0.122405
0.153591
0.112546
0.137209
0.124351
0.133463
0.117573
0.112063
0.123665
0.124643
0.114933
0.121114
0.166597
0.147649
0.115018
0.121422
0.123404
0.123897
0.126934
0.108455
0.117774
0.122518
0.118435
0.125671
0.112083
0.139343
0.125550
0.114062
0.143707
0.119908
0.136056
0.119468
0.124204
0.123056
0.116029
0.109900
0.127237
0.157364
0.122094
0.127870
0.123458
0.116243
0.112848
0.118948
0.129592
0.128684
0.121775
0.140914
0.121625
0.177148
0.119006
0.128831
0.180428
0.126266
0.123994
0.142212
0.120291
0.132201
0.123433
0.132332
0.151642
0.124297
0.114148
0.128432
0.170526
0.146271
0.128888
0.131020
0.130817
0.168461
0.139230
0.121948
0.121777
0.141788
0.127412
0.128709
0.120906
0.121876
0.125613
0.125982
0.140403
0.123957
0.119606
0.134745
0.156159
0.126588
0.131099
0.123276
0.165545
0.116063
0.124394
0.127201
0.109776
0.125905
0.137598
0.115810
0.122461
0.148681
0.160654
0.135579
0.112789
0.129237
0.125000
0.115007
0.131357
0.133359
0.134749
0.128519
0.146769
0.110314
0.131976
0.128385
0.142866
0.118396
0.121441
0.166043
0.123332
0.117050
0.121152
0.124726
0.122311
0.113238
0.124467
0.145600
0.173776
0.118640
0.140912
0.119050
0.105610
0.116567
0.114039
0.145021
0.131065
0.119656
0.122608
0.123034
0.113861
0.114842
0.149303
0.129938
0.115047
0.127853
0.134571
0.111192
0.116676
0.117692
0.124348
0.146906
0.148905
0.144300
0.124657
0.136604
0.114901
0.118723
0.116488
0.129365
0.132877
0.114537
0.118931
0.132742
0.125634
0.114646
0.112306
0.125546
0.113964
0.120233
0.157592
0.128183
0.112921
0.122138
0.219514
0.148951
0.122877
0.133670
0.127449
0.176206
0.239841
0.116354
0.123642
0.123783
0.126046
0.124851
0.149934
0.126282
0.118557
0.122246
0.120281
0.144452
0.125477
0.133509
0.120699
0.123416
0.114919
0.124135
0.129471
0.114669
0.119343
0.126282
0.114116
0.117134
0.184885
0.136458
0.117502
0.151721
0.123442
0.120333
0.978829
0.136906
0.121789
0.141487
0.119553
0.121864
0.123061
0.160194
0.127678
0.123609
0.194094
0.167852
0.140622
0.126765
0.126366
0.138167
0.159329
0.139233
0.123641
0.194989
0.115777
0.104638
0.151582
0.127149
0.112081
0.163051
0.119053
0.114504
0.124611
