0.124075
0.126609
0.120566
0.120401
0.115055
0.185192
0.113308
0.109722
0.138738
0.128180
0.114066
0.122199
0.163238
0.137098
0.138264
0.128731
0.131152
0.115667
0.156860
0.104208
0.132574
0.130866
0.155669
0.112984
0.111807
0.121625
0.165187
0.121061
0.119069
0.110598
0.130163
0.121171
0.130775
0.121591
0.139752
0.136280
0.129599
0.119459
0.169330
0.120319
0.156568
0.115097
0.150721
0.125006
0.123760
0.111533
0.127483
0.181054
0.127091
0.214601
0.161327
0.184261
0.118480
0.128901
0.117066
0.138355
0.130805
0.120748
0.113476
0.158699
0.123172
0.112986
0.126341
0.124086
0.145098
0.123099
0.135173
0.123584
0.180420
0.128724
0.186073
0.137799
0.128964
0.116863
0.218583
0.147437
0.137124
0.124540
0.136788
0.130014
0.134320
0.127993
0.121916
0.126182
0.114219
0.127937
0.125502
0.125891
0.134435
0.126494
0.125011
0.121998
0.121941
0.124917
0.126593
0.117013
0.155461
0.212231
0.117702
0.144485
0.119385
0.114965
0.115982
0.128983
0.117700
0.116714
0.135523
0.114896
0.116489
0.141926
0.164440
0.132419
0.128429
0.115446
0.128993
0.123345
0.130393
0.129349
0.147439
0.124842
0.114086
0.164516
0.135217
0.111161
0.145840
0.131406
0.126404
0.124400
0.118952
0.124230
0.121134
0.130514
0.125692
0.106410
0.185489
0.155781
0.128851
0.117046
0.116469
0.122710
0.133293
0.109248
0.126238
0.116844
0.153622
0.126207
0.132628
0.121762
0.136179
0.122669
0.133992
0.127034
0.128265
0.126034
0.131737
0.117842
0.129145
0.123729
0.194807
0.122847
0.988407
0.122766
0.118455
0.111960
0.146920
0.116579
0.115220
0.122385
0.119121
0.204417
0.110581
0.123729
0.129987
0.183220
0.167800
0.118735
0.156962
0.130371
0.121342
0.111986
0.124206
0.194600
0.121543
0.122316
0.114182
0.118288
0.109415
0.112292
0.127254
0.126147
0.116351
0.127372
0.124256
0.117432
0.198875
0.113788
0.132112
0.108847
0.121866
0.118754
0.145119
0.125942
0.122681
0.130949
0.115783
0.127484
0.122069
0.142863
0.145517
0.129635
0.147578
0.158537
0.111046
0.123020
0.125163
0.119365
0.145838
0.118056
0.137642
0.120581
0.128601
0.117233
0.127644
0.124727
0.113705
0.133047
0.123332
0.127644
0.133190
0.127660
0.120038
0.125531
0.121002
0.127344
0.139815
0.139763
0.135432
0.123503
0.120162
0.222810
0.152729
0.120577
0.123191
0.134566
0.120036
0.142427
0.125108
0.113137
0.227336
0.124686
0.121550
0.111085
0.291226
0.124031
0.112237
0.124033
