0.121714
0.110646
0.123083
0.123246
0.127302
0.124089
0.110187
0.111127
0.117912
0.150125
0.113239
0.136794
0.141515
0.113153
0.115096
0.129826
0.130079
0.134452
0.120285
0.120779
0.114511
0.115195
0.126501
0.125250
0.121093
0.128356
0.123400
0.120728
0.116254
0.127696
0.125584
0.117346
0.136815
0.106565
0.118289
0.123648
0.159186
0.124616
0.114234
0.110324
0.120889
0.127545
0.118136
0.124597
0.142820
0.128215
0.120230
0.128706
0.108580
0.132594
0.110929
0.121167
0.118455
0.125166
0.120457
0.118838
0.120815
0.150237
0.107471
0.134603
0.127224
0.136234
0.119159
0.118636
0.121754
0.144746
0.110971
0.117484
0.124574
0.118879
0.117848
0.123014
0.142729
0.137427
0.132163
0.114482
0.112867
0.114933
0.119803
0.106202
0.119282
0.128720
0.124366
0.117052
0.118565
0.114096
0.134869
0.108066
0.129020
0.131266
0.122190
0.111498
0.133082
0.115466
0.121644
0.116443
0.139714
0.123553
0.134475
0.137388
0.122677
0.122882
0.115119
0.119392
0.127934
0.109564
0.129746
0.116669
0.126902
0.113949
0.124487
0.118453
0.133430
0.117458
0.136982
0.120565
0.115383
0.118484
0.112148
0.122386
0.112771
0.119449
0.126673
0.136466
0.113301
0.134168
0.131147
0.108967
0.126462
0.124334
0.118064
0.109611
0.110775
0.117064
0.121416
0.112463
0.126588
0.123792
0.125212
0.123523
0.111928
0.125473
0.134146
0.124058
0.115903
0.135262
0.132802
0.122504
0.117010
0.115570
0.137763
0.120769
0.109695
0.105853
0.116625
0.120281
0.112509
0.126849
0.296998
0.120270
0.124716
0.132286
0.114750
0.115839
0.114219
0.125162
0.129258
0.117911
0.129402
0.135116
0.120372
0.118340
0.140841
0.125255
0.123452
0.119224
0.125234
0.109782
0.118079
0.126886
0.112236
0.118740
0.124675
0.129101
0.115276
0.129187
0.108855
0.120141
0.115661
0.117257
0.129664
0.121884
0.113409
0.115808
0.107682
0.108042
0.127934
0.118771
0.115336
0.118488
0.108530
0.112049
0.120378
0.125951
0.116666
0.121531
0.128744
0.124425
0.127200
0.126381
0.118941
0.119535
0.120773
0.116128
0.105898
0.109881
0.101369
0.112195
0.142825
0.115923
0.108776
0.134227
0.122407
0.120848
0.114533
0.136075
0.123615
0.112777
0.114510
0.123891
0.130122
0.116500
0.124298
0.127009
0.108559
0.128335
0.131282
0.117585
0.118768
0.132247
0.120421
0.129932
0.117275
0.117544
0.135992
0.124451
0.117337
0.126626
0.120799
0.129155
0.122498
0.117573
0.137646
0.122176
0.120939
0.123490
