0.125858
0.151818
0.164242
0.127513
0.178132
0.120062
0.124617
0.150923
0.154506
0.126221
0.119478
0.137372
0.187707
0.130854
0.139760
0.158434
0.141553
0.129206
0.115235
0.143582
0.209346
0.154674
0.129583
0.152825
0.174104
0.129697
0.127563
0.126294
0.150747
0.120338
0.136024
0.126035
0.131293
0.119941
0.144658
0.124438
0.127067
0.154519
0.212561
0.127952
0.112537
0.156109
0.120032
0.118567
0.160455
0.115691
0.122648
0.115411
0.125920
0.147659
0.974473
0.183035
0.134459
0.137316
0.123231
0.113340
0.122164
0.148851
0.130689
0.159854
0.114881
0.153209
0.117022
0.122686
0.165696
0.133702
0.135594
0.136008
0.147841
0.157307
0.163378
0.201215
0.152812
0.115844
0.114336
0.112732
0.159670
0.196199
0.127647
0.164566
0.119458
0.123911
0.122323
0.187303
0.171967
0.130173
0.123796
0.125216
0.140324
0.126665
0.111732
0.130772
0.219003
0.129209
0.182578
0.137922
0.127103
0.120111
0.165452
0.160480
0.177740
0.160709
0.111387
0.151295
0.111716
0.134314
0.105036
0.139914
0.175495
0.107124
0.142831
0.136917
0.121934
0.119262
0.134379
0.132287
0.120800
0.123095
0.135851
0.168801
0.126434
0.130276
0.107881
0.130963
0.112416
0.130856
0.109309
0.116106
0.118103
0.136071
0.113576
0.132686
0.128018
0.117524
0.119077
0.109158
0.117207
0.122154
0.117784
0.120595
0.133411
0.117871
0.120961
0.121230
0.162887
0.133199
0.126710
0.178860
0.122719
0.127152
0.128692
0.145284
0.146808
0.149357
0.117228
0.143755
0.133094
0.123696
0.129707
0.121368
0.142645
0.166094
0.139070
0.129162
0.145171
0.136052
0.121576
0.120610
0.119707
0.118224
0.121203
0.120400
0.112700
0.111224
0.147387
0.114920
0.154858
0.137973
0.126736
0.131091
0.120948
0.124588
0.133316
0.122081
0.160561
0.162765
0.138672
0.130006
0.129191
0.155672
0.116858
0.111564
0.198272
0.174768
0.142948
0.194418
0.125985
0.186862
0.114201
0.117884
0.120364
0.154322
0.139766
0.121510
0.159419
0.123937
0.138213
0.123316
0.122682
0.130984
0.179449
0.147332
0.119520
0.143616
0.117032
0.141021
0.116979
0.125963
0.109770
0.118260
0.160829
0.120036
0.120445
0.127294
0.123013
0.121580
0.127135
0.150611
0.126133
0.132343
0.120595
0.122186
0.137322
0.121711
0.123209
0.131536
0.124838
0.131859
0.125098
0.142934
0.150129
0.133095
0.156218
0.181562
0.113963
0.152520
0.122964
0.138019
0.139078
0.114679
0.121664
0.131625
0.134107
0.136703
0.102832
0.147971
