0.115976
0.128164
0.121288
0.115231
0.119735
0.128747
0.117505
0.147926
0.119922
0.139114
0.142834
0.131594
0.112219
0.117420
0.120111
0.127343
0.121001
0.118664
0.138315
0.149114
0.160542
0.120476
0.115011
0.125624
0.134051
0.116092
0.122250
0.107920
0.139936
0.145504
0.113275
0.139676
0.150896
0.132058
0.135244
0.122919
0.117175
0.120334
0.130881
0.206937
0.133810
0.125070
0.126203
0.112570
0.114890
0.117468
0.104154
0.127281
0.148567
0.122249
0.196362
0.108764
0.128793
0.123209
0.123333
0.116132
0.121933
0.121761
0.117137
0.154500
0.125882
0.116593
0.121187
0.126662
0.133347
0.159888
0.127948
0.153235
0.134326
0.122248
0.140655
0.116872
0.150804
0.123076
0.112933
0.135441
0.120615
0.125054
0.143611
0.125440
0.119202
0.108877
0.127200
0.153608
0.112306
0.156218
0.121843
0.115931
0.114816
0.115341
0.115460
0.120196
0.129758
0.163739
0.109471
0.133528
0.149538
0.199833
0.203523
0.265895
0.140476
0.173045
0.138288
0.157128
0.126164
0.157165
0.115040
0.128116
0.120186
0.138270
0.112032
0.155948
0.115577
0.129583
0.173399
0.208514
0.104449
0.139397
0.151633
0.148981
0.114777
0.123721
0.112962
0.113677
0.970032
0.107260
0.134038
0.106898
0.169727
0.111483
0.120992
0.124508
0.121792
0.116760
0.118770
0.149158
0.125350
0.149707
0.135843
0.125113
0.191254
0.164606
0.168367
0.127987
0.127738
0.120574
0.114943
0.193308
0.142172
0.117798
0.199739
0.120755
0.155834
0.145896
0.131928
0.146476
0.213574
0.175527
0.192353
0.191233
0.124481
0.121286
0.126744
0.200247
0.115095
0.129614
0.147226
0.110527
0.118478
0.112943
0.121528
0.125863
0.126343
0.234110
0.121860
0.110899
0.114513
0.136033
0.119885
0.139542
0.126832
0.120679
0.112684
0.126171
0.121315
0.152376
0.130539
0.129955
0.117241
0.125493
0.124008
0.133717
0.138165
0.114045
0.161662
0.119686
0.121582
0.208666
0.114581
0.134013
0.126860
0.115976
0.129190
0.121887
0.115824
0.167262
0.120167
0.167408
0.119940
0.121935
0.113192
0.106319
0.132215
0.114343
0.127847
0.128640
0.136966
0.133528
0.148002
0.126970
0.146166
0.167559
0.132492
0.142077
0.160951
0.153145
0.150093
0.157292
0.120861
0.126066
0.123085
0.128662
0.120065
0.119736
0.125462
0.108735
0.142887
0.126380
0.150259
0.111759
0.129309
0.160804
0.151592
0.123507
0.115196
0.132262
0.120605
0.118260
0.121175
0.124109
0.128224
0.125599
0.126017
0.116915
0.124233
0.129712
