0.123457
0.124798
0.128085
0.114144
0.129158
0.166987
0.110131
0.107512
0.113311
0.127306
0.119022
0.127041
0.124269
0.125533
0.110119
0.120396
0.110078
0.126898
0.109969
0.133223
0.120751
0.177891
0.116691
0.116135
0.118055
0.122746
0.139771
0.121867
0.134974
0.118943
0.134712
0.120240
0.104581
0.142660
0.121978
0.175565
0.139835
0.126628
0.125574
0.122877
0.133462
0.115733
0.114234
0.109919
0.125651
0.116824
0.123208
0.117618
0.127819
0.118555
0.126892
0.113743
0.140300
0.122899
0.124851
0.123190
0.119526
0.105471
0.132788
0.124800
0.115463
0.143724
0.132811
0.146566
0.122930
0.125413
0.126202
0.170267
0.119100
0.108846
0.119790
0.157889
0.118097
0.213450
0.116675
0.115415
0.112400
0.134635
0.146188
0.118297
0.126230
0.144546
0.131201
0.134341
0.139897
0.110049
0.107862
0.116474
0.110789
0.112861
0.132920
0.119340
0.171576
0.118232
0.107451
0.178366
0.196477
0.222975
0.201183
0.185434
0.194038
0.157939
0.168884
0.110173
0.120423
0.210160
0.118473
0.140274
0.129960
0.118712
0.146145
0.128978
0.122485
0.138845
0.183821
0.133619
0.139109
0.112858
0.134369
0.139919
0.146293
0.153037
0.138539
0.137910
0.115078
0.117299
0.116192
0.146525
0.127474
0.135261
0.178415
0.121117
0.141470
0.118084
0.129898
0.144186
0.116813
0.126467
0.131537
0.137127
0.174412
0.158530
0.198382
0.118825
0.138344
0.129503
0.116986
0.122590
0.130211
0.113010
0.139807
0.129171
0.974607
0.134509
0.137713
0.137398
0.161376
0.164083
0.210422
0.190219
0.170787
0.116228
0.144946
0.119278
0.118492
0.122450
0.132319
0.140815
0.124990
0.114809
0.128435
0.134496
0.123413
0.118003
0.123563
0.144302
0.112036
0.142301
0.120110
0.118967
0.121151
0.138881
0.140098
0.149604
0.132686
0.114931
0.131578
0.126988
0.172864
0.142012
0.124131
0.137217
0.114526
0.140780
0.149555
0.152100
0.128235
0.128767
0.136044
0.115903
0.136881
0.118120
0.106102
0.125336
0.140995
0.120223
0.115923
0.117741
0.136317
0.116971
0.158339
0.115219
0.125759
0.115769
0.163993
0.137287
0.131704
0.133786
0.138490
0.117442
0.157246
0.172985
0.134780
0.135882
0.137634
0.146132
0.125504
0.127625
0.146135
0.116387
0.118192
0.106216
0.123593
0.134745
0.112411
0.119014
0.111181
0.118889
0.123859
0.143041
0.126883
0.118807
0.129609
0.108582
0.138588
0.113416
0.123461
0.164668
0.115387
0.113500
0.154929
0.116376
0.119892
0.127105
0.122354
0.110778
