0.125010
0.126877
0.112570
0.121662
0.124409
0.120545
0.130610
0.111547
0.140189
0.124163
0.121220
0.124415
0.130573
0.127324
0.122331
0.133300
0.138651
0.127892
0.127567
0.116369
0.114388
0.115303
0.145434
0.137427
0.132318
0.123020
0.142927
0.124377
0.120446
0.158795
0.135259
0.180015
0.120974
0.127063
0.121747
0.124707
0.120203
0.134730
0.120789
0.126888
0.111178
0.122460
0.119293
0.119184
0.149388
0.124138
0.152647
0.123179
0.125974
0.125931
0.148431
0.127739
0.128737
0.142732
0.126362
0.152570
0.132231
0.118348
0.108546
0.150222
0.111309
0.121996
0.142669
0.130726
0.116327
0.134207
0.128458
0.218911
0.131656
0.138731
0.122812
0.111047
0.137195
0.112624
0.151489
0.128122
0.110419
0.160148
0.114536
0.124747
0.126059
0.118348
0.117168
0.110007
0.138304
0.159136
0.114251
0.136595
0.121334
0.113084
0.121919
0.125252
0.125072
0.132797
0.128003
0.134355
0.142019
0.146244
0.193145
0.205632
0.136730
0.169644
0.166409
0.186874
0.145502
0.143965
0.112838
0.149294
0.120126
0.147641
0.184131
0.136729
0.159657
0.130218
0.156405
0.158352
0.115340
0.139793
0.123689
0.130924
0.118168
0.126631
0.129216
0.130713
0.125552
0.194148
0.112139
0.127704
0.118598
0.113346
0.120978
0.115378
0.120578
0.120831
0.119961
0.127218
0.146055
0.120608
0.127493
0.124321
0.132605
0.167941
0.142684
0.191587
0.113377
0.116717
0.977897
0.114494
0.120696
0.132929
0.128183
0.137025
0.168190
0.167196
0.123787
0.171654
0.178051
0.219366
0.153303
0.117164
0.140513
0.130891
0.125647
0.122754
0.132397
0.142035
0.126479
0.117651
0.121187
0.119227
0.127304
0.106690
0.134351
0.128808
0.115593
0.124007
0.127749
0.161317
0.116385
0.131399
0.128491
0.139388
0.120367
0.119779
0.120202
0.121689
0.108125
0.124715
0.130705
0.128797
0.145219
0.132443
0.132618
0.125782
0.120471
0.113015
0.133342
0.125323
0.118636
0.120958
0.121940
0.177763
0.108429
0.117360
0.110769
0.122194
0.148742
0.114961
0.124266
0.124442
0.125199
0.116809
0.107458
0.136886
0.123528
0.116419
0.209366
0.118390
0.148221
0.126665
0.159544
0.120026
0.125262
0.155111
0.121345
0.124012
0.113839
0.181097
0.163857
0.115413
0.164862
0.134582
0.129840
0.123960
0.140852
0.121064
0.130481
0.125329
0.123408
0.127086
0.123039
0.114556
0.127649
0.125634
0.117957
0.126277
0.126255
0.116590
0.122818
0.112209
0.128820
0.129318
0.127069
0.122593
0.107245
0.130419
