0.125197
0.121753
0.114112
0.129007
0.125744
0.110066
0.110937
0.169534
0.131692
0.178376
0.142158
0.207537
0.113691
0.126593
0.119802
0.198748
0.111919
0.128164
0.157835
0.109302
0.145506
0.167192
0.115466
0.107456
0.107859
0.134755
0.133839
0.121013
0.126796
0.117650
0.124749
0.132621
0.114424
0.128102
0.109134
0.134187
0.119664
0.120959
0.118907
0.115909
0.113138
0.169388
0.125075
0.126539
0.123860
0.185654
0.115159
0.145524
0.173254
0.118334
0.126816
0.141231
0.124763
0.120603
0.118534
0.128731
0.131202
0.115592
0.103332
0.150540
0.131855
0.110369
0.113956
0.120222
0.131652
0.156770
0.124082
0.194845
0.115562
0.126082
0.108092
0.132278
0.171483
0.139641
0.135317
0.142013
0.129330
0.159064
0.117239
0.158373
0.121487
0.115716
0.124666
0.196523
0.120333
0.217827
0.126343
0.127815
0.116034
0.111735
0.133362
0.125605
0.123098
0.123837
0.205461
0.181495
0.985336
0.135182
0.117385
0.110207
0.115567
0.128107
0.132929
0.124373
0.121465
0.117199
0.113610
0.195087
0.118234
0.126159
0.172979
0.142203
0.134972
0.141514
0.121752
0.127477
0.144315
0.107530
0.224834
0.115529
0.125571
0.117744
0.111665
0.119153
0.110910
0.207982
0.122735
0.143408
0.116538
0.116546
0.114973
0.136694
0.130622
0.118433
0.135205
0.156178
0.125653
0.123117
0.143819
0.141134
0.154475
0.130205
0.112138
0.127302
0.117972
0.124408
0.152196
0.151542
0.118766
0.236612
0.134827
0.110149
0.116069
0.116644
0.152352
0.179665
0.116726
0.136843
0.128285
0.142051
0.120851
0.117271
0.136058
0.133161
0.123615
0.121696
0.124949
0.127568
0.133446
0.133091
0.166140
0.132593
0.123124
0.131215
0.119174
0.136194
0.183731
0.132839
0.183364
0.132923
0.152750
0.109261
0.123081
0.108390
0.120983
0.117747
0.118998
0.145562
0.145704
0.130268
0.123989
0.118181
0.111622
0.131703
0.128437
0.107521
0.129311
0.114019
0.129805
0.191327
0.135872
0.149557
0.119417
0.113427
0.124344
0.135477
0.191031
0.142625
0.130857
0.121097
0.118431
0.138778
0.111315
0.124879
0.127494
0.122226
0.180320
0.118592
0.115018
0.148106
0.116078
0.140962
0.115245
0.116243
0.122088
0.110606
0.178858
0.120028
0.138955
0.117921
0.118465
0.105436
0.100189
0.206981
0.117968
0.121068
0.138783
0.132365
0.118156
0.133474
0.130327
0.119961
0.146066
0.125205
0.225006
0.122067
0.135137
0.119842
0.153315
0.176041
0.128004
0.119257
0.181245
0.115335
0.123058
0.121478
