0.130177
0.124446
0.156966
0.124683
0.181034
0.181130
0.111638
0.131476
0.131333
0.121659
0.114205
0.109975
0.193068
0.145152
0.114555
0.112754
0.122764
0.145806
0.127849
0.160581
0.137816
0.158305
0.130142
0.126916
0.132854
0.149144
0.119179
0.124789
0.117691
0.106789
0.114281
0.129881
0.165617
0.136823
0.981678
0.170838
0.142568
0.162121
0.133156
0.133992
0.124601
0.142716
0.112590
0.155382
0.117940
0.194129
0.118393
0.123488
0.151976
0.145860
0.113071
0.134817
0.123563
0.164307
0.139444
0.117897
0.127750
0.176845
0.137710
0.137682
0.113786
0.109940
0.124666
0.133605
0.127970
0.146067
0.124186
0.125285
0.176402
0.121996
0.145015
0.131847
0.111371
0.126969
0.127456
0.130887
0.233063
0.148055
0.123576
0.141237
0.132373
0.117563
0.129762
0.118284
0.111555
0.117602
0.139273
0.128894
0.123924
0.113975
0.127373
0.115384
0.172570
0.122070
0.112978
0.117277
0.122071
0.123598
0.122198
0.123537
0.125098
0.123073
0.139172
0.120016
0.138004
0.119332
0.125903
0.107861
0.174294
0.122614
0.115652
0.116569
0.150138
0.110224
0.122149
0.134223
0.151610
0.146285
0.137790
0.121400
0.125586
0.113354
0.143462
0.169101
0.160367
0.132170
0.115030
0.106483
0.134585
0.131182
0.220910
0.173754
0.118775
0.111624
0.122399
0.125461
0.122090
0.128427
0.117527
0.148396
0.127507
0.131879
0.128832
0.110079
0.111655
0.130822
0.132894
0.125968
0.126910
0.115489
0.113325
0.136956
0.120820
0.132021
0.114288
0.139174
0.141926
0.127558
0.131007
0.128954
0.126215
0.118089
0.124245
0.174397
0.116263
0.118255
0.109153
0.116279
0.115828
0.121234
0.112888
0.126091
0.113392
0.156448
0.123153
0.128025
0.134025
0.147158
0.118832
0.222592
0.125654
0.116207
0.118873
0.126106
0.114171
0.134259
0.129725
0.129192
0.132845
0.127598
0.111994
0.129914
0.142348
0.122850
0.170219
0.129479
0.135711
0.127266
0.117562
0.137667
0.128627
0.119765
0.114301
0.122989
0.135561
0.116701
0.155412
0.179036
0.248040
0.116535
0.144929
0.119276
0.139389
0.134491
0.146502
0.118150
0.127870
0.194138
0.121743
0.143924
0.124846
0.109851
0.119604
0.106356
0.142979
0.182475
0.132318
0.150075
0.121981
0.118218
0.128374
0.170833
0.188939
0.139293
0.116079
0.119628
0.111757
0.132835
0.115523
0.126002
0.136262
0.167515
0.124549
0.137133
0.110681
0.114770
0.121878
0.121258
0.129477
0.114453
0.112870
0.113363
0.141740
0.121741
0.115890
0.160879
