0.119816
0.126417
0.179158
0.118122
0.156640
0.180749
0.173480
0.132772
0.120494
0.117583
0.108796
0.118290
0.178330
0.115047
0.138864
0.114907
0.127089
0.193474
0.112592
0.130478
0.120885
0.118531
0.120648
0.129460
0.129050
0.135714
0.119131
0.135369
0.111991
0.175115
0.151065
0.110333
0.128227
0.122965
0.111783
0.130221
0.110450
0.118540
0.118888
0.107537
0.133908
0.118514
0.119464
0.122190
0.131808
0.155375
0.112497
0.161454
0.114666
0.117250
0.151153
0.130037
0.118903
0.122996
0.155944
0.123477
0.122521
0.132339
0.170361
0.155509
0.115959
0.176245
0.117785
0.111659
0.134031
0.123192
0.126879
0.150320
0.116806
0.125143
0.126160
0.125062
0.142881
0.130960
0.121485
0.132940
0.121139
0.117013
0.126876
0.125129
0.117914
0.110476
0.113993
0.128030
0.156059
0.115520
0.228701
0.127767
0.116028
0.132970
0.113909
0.129713
0.115203
0.112281
0.132031
0.114560
0.117419
0.124961
0.117787
0.123526
0.120420
0.115962
0.159648
0.124040
0.125979
0.121055
0.107776
0.135420
0.124183
0.118274
0.128229
0.122524
0.138978
0.149748
0.120356
0.161872
0.112225
0.135480
0.113949
0.120018
0.118179
0.116858
0.113406
0.118899
0.157596
0.204430
0.126702
0.143015
0.119294
0.125281
0.141341
0.138551
0.165496
0.170881
0.139714
0.114485
0.114743
0.128454
0.146717
0.144461
0.125159
0.128626
0.130923
0.109307
0.123099
0.106901
0.117734
0.150350
0.125144
0.110691
0.115711
0.974531
0.118684
0.181384
0.119486
0.117656
0.126458
0.113893
0.160800
0.109760
0.118666
0.126578
0.163223
0.118455
0.151160
0.155148
0.130870
0.128511
0.112889
0.163682
0.117902
0.125695
0.121002
0.128578
0.124913
0.130287
0.128885
0.129819
0.139374
0.120873
0.112226
0.139077
0.110677
0.118827
0.119386
0.124784
0.137971
0.115818
0.137883
0.132480
0.121692
0.141908
0.135521
0.136053
0.124228
0.123564
0.124184
0.127469
0.129051
0.151503
0.114529
0.131868
0.138455
0.252337
0.148689
0.132093
0.109632
0.240957
0.122455
0.122917
0.110287
0.136799
0.116872
0.111518
0.116995
0.110205
0.142846
0.119254
0.138338
0.132141
0.199810
0.113903
0.112497
0.125096
0.125935
0.117088
0.111943
0.130071
0.125068
0.129537
0.126160
0.129593
0.120107
0.117598
0.149909
0.117851
0.123829
0.122895
0.139205
0.198092
0.134245
0.117656
0.110860
0.114454
0.124213
0.178512
0.126251
0.134874
0.120831
0.113520
0.113175
0.111415
0.122978
0.139331
0.109558
0.116739
