0.133955
0.110547
0.116275
0.154303
0.147703
0.128316
0.127348
0.129527
0.130453
0.122836
0.118080
0.179109
0.164438
0.115134
0.186558
0.147558
0.130430
0.126469
0.141058
0.140597
0.147336
0.116850
0.114957
0.127264
0.123984
0.119143
0.167530
0.117314
0.140205
0.129712
0.143679
0.127585
0.124070
0.131947
0.142223
0.152673
0.120922
0.137339
0.127490
0.120628
0.114015
0.115233
0.157194
0.134462
0.137663
0.116805
0.116254
0.160124
0.149816
0.123076
0.102047
0.141125
0.118343
0.115751
0.121208
0.121896
0.109644
0.119248
0.136974
0.112386
0.110354
0.120473
0.115422
0.173708
0.116585
0.142961
0.128166
0.135518
0.140733
0.118660
0.152073
0.128606
0.150595
0.119370
0.119526
0.137392
0.173837
0.179219
0.194044
0.128997
0.107077
0.135990
0.120409
0.120851
0.129714
0.110612
0.121413
0.122882
0.154508
0.141490
0.134851
0.112651
0.140699
0.117579
0.137379
0.144923
0.124275
0.173380
0.132960
0.125399
0.118479
0.127565
0.117536
0.129505
0.132763
0.137940
0.113111
0.117692
0.131426
0.126057
0.136313
0.135352
0.135241
0.127695
0.186493
0.216080
0.150743
0.129996
0.142660
0.131037
0.122485
0.142861
0.122235
0.137125
0.154121
0.117214
0.130325
0.124550
0.130434
0.976117
0.160132
0.141066
0.122717
0.126337
0.121666
0.125739
0.133148
0.117695
0.133249
0.119986
0.119503
0.118676
0.198790
0.127482
0.146707
0.147795
0.123023
0.155587
0.130356
0.176097
0.144141
0.133123
0.168300
0.131690
0.162103
0.124514
0.116975
0.131940
0.133633
0.136009
0.140525
0.164767
0.166202
0.220400
0.109662
0.119815
0.137068
0.195964
0.141492
0.114086
0.124606
0.119143
0.129331
0.130714
0.131055
0.118099
0.191228
0.265355
0.160887
0.215840
0.116198
0.136322
0.109178
0.129426
0.178268
0.152825
0.134549
0.179048
0.138480
0.128227
0.122578
0.149766
0.137440
0.126664
0.122793
0.114602
0.130253
0.118135
0.108398
0.138854
0.116157
0.111239
0.124152
0.120218
0.143901
0.125629
0.143852
0.138572
0.139363
0.159277
0.124781
0.138487
0.118810
0.114277
0.162012
0.141179
0.128130
0.107345
0.111997
0.120187
0.143294
0.126908
0.108178
0.125358
0.121628
0.114704
0.112331
0.155166
0.127231
0.115583
0.137777
0.127453
0.120946
0.126887
0.119179
0.118889
0.164887
0.120835
0.116305
0.110529
0.139880
0.146456
0.128069
0.136263
0.126471
0.135496
0.129979
0.143848
0.131571
0.146846
0.150653
0.115115
0.116626
0.122286
0.124321
0.122434
