0.094602
0.131950
0.113809
0.124911
0.100233
0.101194
0.117884
0.125328
0.096342
0.127798
0.095634
0.114053
0.128745
0.123148
0.120819
0.117226
0.110899
0.110256
0.123287
0.105796
0.093193
0.134667
0.103688
0.134912
0.103141
0.110941
0.117569
0.134084
0.122203
0.122107
0.130160
0.108687
0.113034
0.116486
0.130722
0.109884
0.107240
0.114699
0.108051
0.117242
0.106671
0.113449
0.131316
0.106210
0.102541
0.126941
0.097595
0.116101
0.108620
0.106144
0.112167
0.111883
0.125922
0.106709
0.103296
0.111403
0.108172
0.105325
0.102547
0.100480
0.104323
0.129814
0.140537
0.116412
0.119841
0.102539
0.115341
0.091654
0.105498
0.117804
0.100555
0.143853
0.104808
0.106461
0.113237
0.115866
0.101929
0.111461
0.109602
0.102746
0.104493
0.102168
0.108652
0.113895
0.104392
0.106559
0.111920
0.126607
0.103093
0.122640
0.142926
0.095162
0.104511
0.112153
0.117032
0.115456
0.113233
0.097097
0.125709
0.102588
0.102103
0.111926
0.107023
0.107373
0.114382
0.123295
0.122667
0.118210
0.106614
0.112850
0.107561
0.122133
0.111543
0.113142
0.109888
0.116092
0.127761
0.112648
0.096834
0.107350
0.113270
0.100343
0.115818
0.105140
0.133605
0.111975
0.110661
0.124003
0.112868
0.098467
0.112630
0.110202
0.106110
0.115512
0.116209
0.109941
0.097130
0.106546
0.103161
0.104386
0.106562
0.114467
0.108947
0.113311
0.126396
0.137661
0.105676
0.105163
0.097158
0.110518
0.103217
0.104847
0.108004
0.125425
0.110104
0.117974
0.127958
0.131001
0.112415
0.119164
0.109510
0.126156
0.100438
0.125669
0.115512
0.119854
0.115420
0.142731
0.109540
0.108473
0.102137
0.111181
0.109226
0.103774
0.113214
0.108340
0.120874
0.143608
0.107515
0.099261
0.111973
0.110357
0.096430
0.097038
0.119829
0.099839
0.107755
0.108502
0.097545
0.107391
0.116537
0.130808
0.097836
0.120017
0.119870
0.103959
0.114818
0.127143
0.108493
0.104359
0.093661
0.107373
0.105474
0.093593
0.104505
0.114558
0.116806
0.118061
0.102573
0.111038
0.105739
0.139125
0.100957
0.104976
0.132137
0.097298
0.103421
0.100918
0.118121
0.097768
0.103889
0.124033
0.141111
0.109138
0.103125
0.109445
0.118753
0.170459
0.111739
0.101281
0.116299
0.095556
0.101760
0.108194
0.106193
0.112216
0.112288
0.110325
0.107830
0.114851
0.123725
0.134997
0.111985
0.113579
0.109808
0.104125
0.102563
0.103014
0.103537
0.130119
0.113236
0.124607
0.106912
0.107686
0.121776
0.125612
