0.139016
0.099975
0.106782
0.104981
0.106422
0.114636
0.115316
0.115236
0.130679
0.117003
0.110251
0.112744
0.100291
0.118956
0.108254
0.094012
0.119183
0.104885
0.106367
0.120465
0.114580
0.110270
0.128699
0.123582
0.105391
0.131063
0.095354
0.098565
0.110764
0.106075
0.095022
0.121521
0.118509
0.116181
0.115409
0.105428
0.129268
0.126407
0.107110
0.106231
0.096974
0.115959
0.141646
0.106941
0.116691
0.110868
0.098457
0.111772
0.102285
0.133343
0.094453
0.105086
0.122820
0.104836
0.095042
0.126036
0.109072
0.098683
0.127510
0.137107
0.120143
0.103464
0.103742
0.107836
0.100855
0.113439
0.113409
0.122688
0.110237
0.122183
0.121483
0.106234
0.097332
0.108716
0.110329
0.111644
0.114645
0.115959
0.124680
0.115559
0.117825
0.142238
0.124720
0.097559
0.109435
0.101412
0.117809
0.120431
0.142323
0.107193
0.116449
0.112127
0.142689
0.123117
0.097532
0.103570
0.105072
0.115573
0.108681
0.123457
0.302849
0.105803
0.119389
0.099515
0.107321
0.097112
0.122532
0.110190
0.106373
0.098548
0.118088
0.118610
0.104033
0.101804
0.104152
0.112542
0.109259
0.116246
0.109714
0.094302
0.124157
0.118392
0.105349
0.102958
0.102542
0.109223
0.096745
0.093850
0.107344
0.107418
0.138752
0.106802
0.104212
0.123029
0.101931
0.102468
0.114073
0.111143
0.098497
0.114656
0.110452
0.113924
0.105540
0.112005
0.105729
0.127836
0.119757
0.113427
0.103209
0.107890
0.106382
0.107161
0.104985
0.105280
0.111674
0.105987
0.118387
0.110626
0.100907
0.106163
0.107104
0.138211
0.108191
0.118060
0.122911
0.123057
0.103254
0.094642
0.114057
0.124670
0.105860
0.121231
0.137587
0.108194
0.120512
0.105617
0.105269
0.112463
0.113025
0.106278
0.113827
0.160479
0.122256
0.113043
0.110534
0.114784
0.114041
0.138036
0.103693
0.106440
0.103707
0.111679
0.115965
0.102212
0.108690
0.121983
0.122486
0.104461
0.137974
0.110200
0.113071
0.145585
0.098592
0.123218
0.098576
0.102432
0.114890
0.116057
0.106559
0.102037
0.104073
0.111223
0.104515
0.103552
0.137341
0.110055
0.115881
0.112505
0.112889
0.099257
0.104382
0.101851
0.123328
0.123853
0.101341
0.112039
0.117486
0.101863
0.099507
0.120390
0.100179
0.108155
0.101580
0.125706
0.123530
0.106344
0.111090
0.126984
0.118094
0.101200
0.125889
0.104302
0.111641
0.113126
0.113750
0.103718
0.121201
0.122259
0.143698
0.125832
0.126183
0.106182
0.109765
0.133303
0.105623
0.106375
