0.122615
0.120094
0.113703
0.138742
0.116492
0.127979
0.124557
0.193526
0.113456
0.131368
0.148808
0.160303
0.162037
0.136805
0.123460
0.184809
0.118396
0.130182
0.153671
0.122458
0.118105
0.180814
0.119454
0.116208
0.115532
0.143647
0.126293
0.120310
0.119548
0.135576
0.119485
0.120223
0.117937
0.114713
0.148273
0.115001
0.137241
0.111099
0.114283
0.141410
0.142198
0.154497
0.192168
0.142783
0.123024
0.152862
0.115355
0.128264
0.128504
0.145435
0.145958
0.159909
0.131014
0.150588
0.187810
0.133017
0.144368
0.129769
0.133104
0.125307
0.116688
0.130133
0.122044
0.124902
0.133044
0.130832
0.134612
0.140222
0.112730
0.123859
0.124703
0.190066
0.152926
0.160881
0.170063
0.188296
0.157811
0.124145
0.211766
0.126046
0.127980
0.124450
0.109494
0.112920
0.189604
0.124756
0.130615
0.137067
0.140670
0.117243
0.141218
0.156877
0.121317
0.170076
0.118731
0.129557
0.197693
0.136187
0.166475
0.133741
0.121014
0.114962
0.122405
0.116671
0.136257
0.206589
0.120375
0.140746
0.128730
0.120366
0.108534
0.115081
0.155915
0.110679
0.116465
0.145909
0.158221
0.111157
0.122146
0.126598
0.124188
0.171489
0.124742
0.124439
0.159341
0.116262
0.136577
0.155259
0.127877
0.119075
0.121566
0.127879
0.161223
0.121112
0.129126
0.124333
0.138476
0.129513
0.113423
0.177376
0.127236
0.123163
0.117254
0.204409
0.138661
0.113846
0.134267
0.145213
0.126827
0.120028
0.127355
0.168968
0.126912
0.134366
0.134806
0.102042
0.125819
0.123697
0.118705
0.121441
0.116586
0.144461
0.121520
0.126905
0.122072
0.146774
0.135927
0.152329
0.115870
0.177995
0.140973
0.115664
0.120995
0.131009
0.108621
0.140482
0.191258
0.112768
0.164924
0.143610
0.214593
0.137112
0.167835
0.164147
0.122301
0.116016
0.110233
0.108308
0.175060
0.124762
0.117496
0.173895
0.129236
0.131767
0.126568
0.184848
0.126407
0.112627
0.129949
0.124574
0.134996
0.149575
0.112742
0.163024
0.131628
0.159609
0.131837
0.147901
0.132926
0.139766
0.146927
0.149786
0.112834
0.154402
0.142994
0.118723
0.135774
0.121344
0.120520
0.132172
0.157764
0.129212
0.213846
0.160278
0.982994
0.117268
0.124189
0.119904
0.128301
0.125791
0.128329
0.148843
0.115679
0.129083
0.123226
0.188868
0.131418
0.137968
0.134209
0.108549
0.170157
0.131227
0.167147
0.176573
0.147254
0.117327
0.182494
0.143650
0.126947
0.116952
0.133189
0.142082
0.127004
0.206648
0.147647
0.134068
