0.131854
0.132763
0.114023
0.121826
0.128297
0.108082
0.112365
0.120086
0.125049
0.113413
0.127813
0.111884
0.140593
0.117804
0.124088
0.113265
0.120516
0.114271
0.137727
0.138307
0.113108
0.119685
0.114451
0.116411
0.111916
0.123678
0.131832
0.120284
0.125046
0.119091
0.108288
0.141521
0.132668
0.125255
0.108193
0.134496
0.120754
0.124162
0.139436
0.128626
0.112401
0.108298
0.127742
0.127080
0.115905
0.130231
0.120392
0.115656
0.113950
0.145216
0.116001
0.115210
0.113306
0.110410
0.124144
0.109213
0.123253
0.124969
0.144546
0.109943
0.111473
0.119939
0.120265
0.110909
0.110677
0.141877
0.117825
0.124840
0.121134
0.125909
0.135881
0.120541
0.111732
0.123990
0.134785
0.137166
0.115436
0.122799
0.112405
0.148361
0.104469
0.112728
0.154319
0.130229
0.110059
0.117082
0.129908
0.109703
0.125760
0.136851
0.117429
0.134222
0.113223
0.119341
0.126925
0.132644
0.127067
0.116275
0.130287
0.115944
0.119785
0.103721
0.121235
0.468053
0.134613
0.126228
0.122037
0.129184
0.136301
0.119726
0.121341
0.141137
0.136087
0.131042
0.117852
0.110341
0.126021
0.130937
0.121595
0.121912
0.111587
0.125130
0.148872
0.116614
0.119378
0.116059
0.118511
0.151072
0.108558
0.123650
0.111976
0.124066
0.101421
0.123629
0.141155
0.112324
0.115282
0.115515
0.121416
0.119055
0.103689
0.124621
0.112934
0.110853
0.131045
0.120558
0.118819
0.116807
0.113463
0.127294
0.119729
0.116115
0.117780
0.131818
0.117992
0.114658
0.117559
0.119867
0.117995
0.170883
0.117022
0.115863
0.130255
0.117042
0.123279
0.122964
0.132813
0.110368
0.122134
0.127169
0.106727
0.110253
0.118912
0.115318
0.114119
0.136336
0.131607
0.133538
0.115947
0.127380
0.109994
0.124339
0.116003
0.119834
0.111563
0.115753
0.125255
0.109462
0.142609
0.113983
0.121284
0.136201
0.127485
0.122394
0.115237
0.124301
0.123569
0.123881
0.134662
0.126861
0.140120
0.125873
0.142788
0.128114
0.126571
0.118886
0.132609
0.127796
0.115165
0.109971
0.125572
0.124301
0.137734
0.125668
0.127145
0.112910
0.109102
0.124221
0.125636
0.117581
0.123671
0.129321
0.110093
0.139796
0.122525
0.122190
0.116469
0.132170
0.120088
0.141638
0.172429
0.112879
0.129116
0.113059
0.117792
0.113912
0.125782
0.118784
0.130140
0.106974
0.136182
0.118412
0.130326
0.122091
0.116214
0.130379
0.117204
0.123948
0.121586
0.126789
0.130563
0.122721
0.127606
0.107161
0.125109
0.125723
