0.112535
0.137945
0.146032
0.116753
0.116140
0.114271
0.122388
0.120492
0.113276
0.110406
0.126273
0.126287
0.122413
0.146111
0.142646
0.111391
0.141214
0.150603
0.120506
0.134099
0.117777
0.144393
0.139328
0.129505
0.976318
0.123936
0.125553
0.113123
0.127932
0.180406
0.128490
0.118762
0.131973
0.179265
0.140510
0.152517
0.118440
0.107269
0.124849
0.130628
0.118301
0.156867
0.112646
0.129829
0.136857
0.131770
0.129154
0.112445
0.136299
0.118077
0.144761
0.122671
0.131551
0.116481
0.119767
0.113841
0.123135
0.135944
0.111172
0.124273
0.119007
0.121515
0.118573
0.120870
0.127660
0.140063
0.118074
0.162217
0.123902
0.127766
0.121813
0.136151
0.111382
0.126358
0.112412
0.111663
0.117988
0.126530
0.116265
0.121966
0.113480
0.144929
0.170480
0.113946
0.126673
0.124503
0.153026
0.104683
0.118695
0.132500
0.137447
0.115038
0.130010
0.114266
0.128223
0.119856
0.208012
0.131614
0.165762
0.215563
0.119943
0.124429
0.124566
0.165922
0.134994
0.110770
0.116062
0.136291
0.115643
0.136668
0.154652
0.115370
0.154589
0.143970
0.146872
0.186272
0.111721
0.141284
0.154305
0.157947
0.132373
0.110384
0.130232
0.123620
0.120410
0.123029
0.129515
0.118873
0.132724
0.134586
0.123552
0.113137
0.142408
0.114247
0.126466
0.130296
0.125211
0.123472
0.126568
0.114087
0.143381
0.152799
0.202533
0.126741
0.110319
0.113040
0.113824
0.116803
0.137982
0.182956
0.120904
0.149952
0.137647
0.172004
0.177538
0.140260
0.177047
0.241001
0.207524
0.177487
0.118251
0.135258
0.106736
0.124672
0.174646
0.122247
0.131990
0.118894
0.128623
0.119690
0.129221
0.194352
0.140997
0.113486
0.126574
0.132385
0.149757
0.123418
0.130262
0.122840
0.131267
0.114402
0.132494
0.129590
0.118298
0.124858
0.117785
0.108096
0.120184
0.145322
0.139669
0.141585
0.142543
0.150473
0.124157
0.141837
0.131913
0.142887
0.115329
0.125989
0.114871
0.178884
0.120891
0.112050
0.113258
0.125112
0.113665
0.116411
0.128483
0.130966
0.125572
0.118210
0.123629
0.119604
0.126842
0.125401
0.131628
0.119586
0.119306
0.114385
0.145921
0.128329
0.108017
0.144967
0.181933
0.113253
0.123137
0.119549
0.142986
0.110723
0.138418
0.113440
0.119856
0.202011
0.115811
0.119452
0.122901
0.122300
0.133859
0.115173
0.130517
0.140168
0.142235
0.125137
0.121242
0.109602
0.118878
0.188878
0.115250
0.117796
0.125093
0.114977
0.129335
0.138915
0.124590
0.160370
