0.129602
0.142839
0.134503
0.131776
0.130805
0.142554
0.115536
0.124125
0.150217
0.111392
0.119719
0.118647
0.153537
0.136833
0.130794
0.135778
0.168085
0.118896
0.126486
0.146837
0.132830
0.145011
0.127544
0.136758
0.139435
0.140138
0.127792
0.122175
0.122534
0.120290
0.117215
0.132859
0.159681
0.123492
0.124106
0.121724
0.121832
0.113349
0.130533
0.144177
0.209035
0.118587
0.128482
0.115464
0.141291
0.144051
0.122744
0.180828
0.122220
0.140244
0.115094
0.131370
0.120861
0.138949
0.103997
0.169979
0.186699
0.121500
0.119784
0.140996
0.171495
0.137247
0.128837
0.218366
0.114308
0.118624
0.157817
0.135872
0.166332
0.162501
0.119492
0.123890
0.122838
0.139195
0.141020
0.138425
0.200228
0.149237
0.194523
0.156744
0.105753
0.118494
0.130326
0.124033
0.151844
0.131873
0.140230
0.168390
0.150062
0.111588
0.123431
0.118843
0.187068
0.134885
0.120680
0.137633
0.129088
0.140086
0.121428
0.138681
0.127451
0.119833
0.147882
0.146381
0.129914
0.121805
0.144361
0.143661
0.201630
0.157178
0.127605
0.131258
0.120587
0.131299
0.115787
0.119204
0.124301
0.120833
0.115206
0.126547
0.119655
0.136007
0.107632
0.112966
0.124294
0.122297
0.117011
0.127668
0.155455
0.124421
0.136608
0.131904
0.140167
0.131401
0.122609
0.127768
0.132002
0.162904
0.112513
0.128531
0.134134
0.112836
0.136357
0.154704
0.132558
0.161933
0.121190
0.112201
0.128758
0.149070
0.124987
0.175887
0.137912
0.132030
0.118162
0.134262
0.151549
0.133399
0.113012
0.113203
0.140006
0.150398
0.123288
0.139999
0.119213
0.127251
0.118182
0.125285
0.113377
0.141947
0.148964
0.128916
0.126820
0.125714
0.152476
0.152119
0.133288
0.165044
0.154967
0.214112
0.126633
0.133910
0.118807
0.132153
0.127171
0.136306
0.127303
0.131023
0.129515
0.213778
0.125509
0.126208
0.164259
0.134479
0.185828
0.115228
0.129491
0.142770
0.179788
0.139396
0.124087
0.124762
0.173114
0.136289
0.165253
0.979603
0.150002
0.129793
0.148005
0.123478
0.116007
0.152252
0.114605
0.122681
0.217174
0.125440
0.130583
0.183271
0.159459
0.124050
0.129549
0.138284
0.126519
0.134051
0.106808
0.118757
0.175825
0.122841
0.117143
0.123256
0.115503
0.129458
0.136515
0.113770
0.112405
0.159765
0.118668
0.118288
0.123108
0.135464
0.173292
0.169602
0.122503
0.126899
0.127384
0.137762
0.117976
0.113986
0.110987
0.151293
0.138918
0.146044
0.130399
0.200165
0.129474
0.124739
