0.121849
0.152106
0.113513
0.112385
0.156077
0.138773
0.109036
0.116629
0.135334
0.128811
0.117665
0.113235
0.137143
0.130560
0.106786
0.121814
0.129312
0.158030
0.196744
0.143722
0.134255
0.119049
0.109628
0.107468
0.126278
0.113084
0.128122
0.115905
0.225943
0.128308
0.107599
0.125516
0.129723
0.131539
0.128395
0.115041
0.123740
0.125145
0.116053
0.136961
0.121251
0.168613
0.119461
0.109414
0.129932
0.121588
0.120466
0.145066
0.117492
0.130716
0.121557
0.118271
0.204951
0.152377
0.124427
0.195842
0.136983
0.198004
0.162529
0.116216
0.135093
0.173902
0.130865
0.113516
0.123599
0.112298
0.106533
0.119076
0.125959
0.147310
0.162168
0.121128
0.180003
0.168595
0.169049
0.133994
0.144770
0.123350
0.142629
0.126835
0.132371
0.112932
0.118147
0.122103
0.108735
0.136180
0.137944
0.147146
0.121526
0.119826
0.124631
0.135987
0.119386
0.113445
0.109039
0.117925
0.139444
0.141165
0.122000
0.126691
0.117698
0.111389
0.113930
0.159847
0.120958
0.108226
0.127186
0.109149
0.118751
0.143595
0.143076
0.191524
0.121748
0.121481
0.130241
0.131801
0.132227
0.133229
0.105534
0.197319
0.187882
0.139410
0.157917
0.112187
0.132039
0.128098
0.117735
0.117365
0.108123
0.261947
0.132487
0.115322
0.136090
0.236537
0.120404
0.124101
0.140511
0.149461
0.127778
0.117819
0.121987
0.116618
0.126129
0.110087
0.129967
0.113495
0.237341
0.134080
0.121901
0.126996
0.132216
0.131234
0.110722
0.136686
0.139621
0.115011
0.121518
0.124540
0.124052
0.132352
0.123586
0.153523
0.118536
0.155741
0.123992
0.141346
0.135797
0.115483
0.122188
0.125608
0.128078
0.125102
0.129107
0.156373
0.131398
0.128160
0.131365
0.130878
0.128311
0.107060
0.121555
0.114532
0.118397
0.142435
0.181739
0.127043
0.122420
0.124947
0.123713
0.133400
0.119004
0.179273
0.121360
0.116005
0.128013
0.137408
0.179770
0.130921
0.121488
0.127487
0.197496
0.131159
0.118760
0.118324
0.121808
0.132076
0.121609
0.125337
0.122123
0.126816
0.130585
0.182374
0.134665
0.159244
0.123875
0.121676
0.113227
0.148902
0.122056
0.123544
0.133723
0.984261
0.121354
0.110513
0.132095
0.146102
0.105641
0.165091
0.132625
0.157223
0.138066
0.112165
0.122993
0.130033
0.119811
0.126489
0.126488
0.162587
0.148292
0.116235
0.123940
0.144403
0.109877
0.111369
0.126580
0.139766
0.128715
0.119879
0.117310
0.117888
0.123259
0.261987
0.166624
0.160200
0.165224
0.112401
