0.122510
0.118436
0.123599
0.108169
0.145174
0.124493
0.119524
0.125691
0.115823
0.126332
0.117398
0.151950
0.102416
0.139689
0.130493
0.120667
0.132215
0.121236
0.127954
0.123175
0.131251
0.141317
0.131662
0.142657
0.135134
0.120786
0.122549
0.112493
0.174251
0.143900
0.156729
0.177744
0.192828
0.132201
0.140174
0.152250
0.123496
0.108900
0.143870
0.135210
0.131474
0.121653
0.125727
0.141840
0.149735
0.126732
0.129451
0.114942
0.128760
0.134669
0.103445
0.985780
0.129529
0.113089
0.133325
0.131092
0.132362
0.117647
0.198241
0.119069
0.122550
0.127309
0.117347
0.119245
0.133864
0.127317
0.167680
0.124435
0.129955
0.119678
0.120983
0.127136
0.155085
0.123521
0.120976
0.116468
0.123086
0.121943
0.116700
0.126590
0.138738
0.128354
0.124589
0.120167
0.130517
0.114718
0.121341
0.124511
0.131371
0.132644
0.135765
0.142693
0.177487
0.133318
0.122795
0.110536
0.160927
0.200341
0.213333
0.189050
0.112120
0.131870
0.154142
0.146653
0.186422
0.129675
0.119839
0.117127
0.116474
0.116991
0.125613
0.145093
0.118506
0.113848
0.167555
0.143880
0.134699
0.114601
0.181607
0.118215
0.128865
0.145986
0.107632
0.121537
0.118177
0.167231
0.111795
0.161341
0.132090
0.118465
0.108727
0.131629
0.175198
0.121547
0.128082
0.112966
0.197606
0.120431
0.156511
0.113267
0.147820
0.148400
0.155169
0.223270
0.131142
0.127510
0.125225
0.121808
0.135464
0.121415
0.150988
0.149521
0.179027
0.125213
0.134467
0.119268
0.241592
0.218919
0.177354
0.217961
0.113313
0.107841
0.111547
0.114296
0.131548
0.134802
0.127452
0.139253
0.108637
0.139394
0.125544
0.113310
0.122110
0.126908
0.130172
0.122420
0.141775
0.127844
0.124913
0.117716
0.116028
0.122441
0.124815
0.136776
0.125595
0.133761
0.136511
0.145194
0.159555
0.115677
0.217616
0.124836
0.106074
0.143732
0.185166
0.113037
0.122081
0.156697
0.132672
0.119463
0.133718
0.133867
0.112563
0.134348
0.124037
0.121430
0.114112
0.150750
0.110597
0.123890
0.116252
0.140266
0.197308
0.126081
0.138792
0.118985
0.118983
0.120463
0.123914
0.115847
0.138914
0.125256
0.121389
0.147159
0.130477
0.120246
0.214237
0.129719
0.137913
0.136922
0.132860
0.118218
0.122228
0.144164
0.124255
0.129828
0.189966
0.142609
0.153552
0.124459
0.117641
0.114754
0.120309
0.124940
0.121155
0.112679
0.163353
0.130462
0.137435
0.131109
0.122779
0.116618
0.122552
0.128795
0.123628
0.134049
