0.137447
0.128297
0.129769
0.118022
0.127585
0.126202
0.121275
0.123137
0.116415
0.141604
0.112865
0.110555
0.111616
0.110471
0.139126
0.122811
0.123957
0.116117
0.115824
0.124737
0.110331
0.115380
0.133909
0.137606
0.122424
0.141698
0.107096
0.127049
0.137370
0.130867
0.126473
0.105777
0.117598
0.112605
0.122549
0.114259
0.115751
0.137431
0.122578
0.118282
0.124033
0.122182
0.119249
0.116367
0.120565
0.121993
0.124672
0.130271
0.117032
0.122607
0.127559
0.111559
0.110965
0.122945
0.136774
0.120417
0.122004
0.136932
0.109375
0.124661
0.119469
0.122447
0.152471
0.118698
0.143796
0.119665
0.138278
0.131915
0.121463
0.115461
0.110772
0.139411
0.127591
0.110558
0.129675
0.117203
0.132550
0.124114
0.126553
0.135886
0.114024
0.121103
0.122197
0.124988
0.112576
0.112854
0.121697
0.109398
0.125322
0.123233
0.119533
0.116637
0.110445
0.108831
0.125574
0.122512
0.126625
0.108784
0.122863
0.144338
0.104674
0.116441
0.113164
0.109762
0.120775
0.125350
0.107849
0.129181
0.122390
0.128653
0.120361
0.136037
0.123348
0.119669
0.118009
0.111885
0.123498
0.114575
0.142017
0.127908
0.137566
0.110772
0.120324
0.130797
0.147583
0.107115
0.134076
0.112469
0.118626
0.124120
0.111578
0.115256
0.117662
0.114172
0.123560
0.125439
0.126156
0.140721
0.114297
0.127721
0.117076
0.121091
0.132663
0.123212
0.117398
0.155803
0.115615
0.147830
0.125220
0.133758
0.125329
0.117422
0.126283
0.120298
0.124169
0.105189
0.132219
0.134110
0.134363
0.126816
0.115491
0.123607
0.120414
0.105574
0.125179
0.173462
0.130131
0.131654
0.113856
0.109220
0.114502
0.120132
0.139749
0.124465
0.126032
0.107721
0.114997
0.126219
0.136992
0.109229
0.116916
0.113027
0.128839
0.113519
0.142716
0.118939
0.140286
0.111063
0.122743
0.125617
0.113890
0.131401
0.128631
0.126200
0.115530
0.124237
0.131950
0.113929
0.119234
0.126171
0.124542
0.131677
0.119194
0.112074
0.127421
0.114624
0.126095
0.111764
0.113490
0.117608
0.112635
0.126161
0.154219
0.119484
0.119062
0.121572
0.114461
0.108618
0.123888
0.121623
0.120956
0.125749
0.118758
0.133544
0.121570
0.109592
0.131195
0.115026
0.120565
0.123378
0.122606
0.158377
0.119766
0.132511
0.418084
0.116786
0.115138
0.125579
0.113453
0.119355
0.134976
0.117371
0.125598
0.129703
0.118727
0.120285
0.133116
0.125413
0.130268
0.110261
0.111877
0.110550
0.104302
0.105589
0.127286
0.133325
