0.134206
0.148807
0.146619
0.128542
0.153302
0.240082
0.123270
0.113769
0.129078
0.117644
0.121082
0.224976
0.121174
0.129673
0.136357
0.160382
0.149197
0.146995
0.124789
0.121001
0.123774
0.130997
0.136438
0.119967
0.136103
0.126323
0.138449
0.109952
0.120697
0.117852
0.127354
0.112730
0.192100
0.112019
0.111551
0.131887
0.121725
0.127301
0.119111
0.108699
0.120867
0.122359
0.109674
0.125648
0.120944
0.137161
0.121690
0.156199
0.112426
0.134244
0.117007
0.119614
0.129543
0.113351
0.142020
0.116327
0.148709
0.115020
0.121192
0.109293
0.117645
0.120470
0.109763
0.146958
0.121124
0.140698
0.113545
0.125366
0.223790
0.119601
0.126693
0.139400
0.113864
0.118345
0.108480
0.179114
0.157103
0.103879
0.116139
0.156944
0.123628
0.116536
0.145099
0.123363
0.118697
0.144192
0.135254
0.137746
0.131704
0.117715
0.158973
0.178096
0.122979
0.140311
0.136763
0.119987
0.134801
0.127775
0.125400
0.130702
0.121562
0.133087
0.130589
0.123921
0.121818
0.125765
0.119569
0.131921
0.129491
0.115960
0.131727
0.145586
0.125119
0.160061
0.175291
0.127539
0.119333
0.177430
0.152561
0.128772
0.115460
0.117872
0.139752
0.117558
0.134597
0.106540
0.115538
0.129977
0.124321
0.125932
0.112685
0.154270
0.123849
0.145276
0.122836
0.110428
0.118342
0.131022
0.122539
0.148722
0.118730
0.189255
0.124002
0.130831
0.135878
0.167867
0.125472
0.139152
0.111739
0.115598
0.121960
0.149320
0.114592
0.144230
0.145116
0.112479
0.144277
0.120990
0.119699
0.123205
0.117187
0.117112
0.127532
0.108320
0.120457
0.126855
0.131169
0.119674
0.136780
0.134788
0.142054
0.139792
0.107580
0.127160
0.152846
0.133177
0.116832
0.125763
0.122484
0.119929
0.140483
0.110707
0.112440
0.138277
0.117714
0.230873
0.131561
0.111887
0.128214
0.256932
0.135080
0.128192
0.126848
0.130503
0.108549
0.141233
0.148659
0.116787
0.144980
0.169472
0.129355
0.126663
0.129403
0.134070
0.126031
0.108061
0.118019
0.124148
0.118451
0.127452
0.121453
0.123884
0.120373
0.159649
0.117232
0.130061
0.128620
0.112010
0.122676
0.122823
0.145713
0.118352
0.124029
0.152923
0.118261
0.977638
0.120143
0.127954
0.136413
0.124824
0.147009
0.113395
0.139206
0.118070
0.118419
0.116423
0.130954
0.132703
0.144742
0.205328
0.126040
0.141217
0.116470
0.129930
0.190995
0.142856
0.113184
0.110445
0.124901
0.125215
0.135709
0.120091
0.112341
0.141089
0.117726
0.144777
