0.134502
0.121281
0.123250
0.133758
0.145731
0.120201
0.117534
0.165296
0.119425
0.169612
0.123383
0.128832
0.180484
0.118437
0.151537
0.164330
0.169903
0.163378
0.118336
0.114948
0.126752
0.116258
0.115401
0.132807
0.177852
0.158901
0.160524
0.235203
0.162605
0.124944
0.118703
0.184317
0.117329
0.130957
0.110772
0.131259
0.142372
0.113779
0.114232
0.146820
0.122887
0.203510
0.141059
0.204944
0.142026
0.128991
0.149949
0.125129
0.123027
0.136773
0.111753
0.152817
0.150462
0.109323
0.140644
0.161817
0.125892
0.140951
0.133067
0.151864
0.161971
0.137165
0.126662
0.118025
0.117718
0.129630
0.168216
0.127432
0.125806
0.123186
0.154518
0.174158
0.185668
0.203104
0.145440
0.121789
0.179924
0.111353
0.144882
0.153484
0.117034
0.117658
0.118652
0.122615
0.139525
0.110359
0.108068
0.129823
0.115481
0.116100
0.120831
0.123803
0.178828
0.115623
0.122738
0.124910
0.103980
0.116568
0.127600
0.123856
0.124695
0.109118
0.160757
0.116132
0.121860
0.129903
0.146701
0.133605
0.161734
0.145454
0.128802
0.134204
0.130468
0.124046
0.125100
0.126522
0.111015
0.117380
0.127464
0.127460
0.109362
0.125010
0.131810
0.139170
0.132124
0.118448
0.132003
0.133199
0.111430
0.118407
0.115294
0.123263
0.124499
0.129136
0.120393
0.120176
0.137522
0.183574
0.146442
0.128446
0.124184
0.116217
0.124458
0.124719
0.143842
0.140398
0.142208
0.161142
0.123863
0.135885
0.109200
0.127175
0.135707
0.143500
0.131767
0.122715
0.126629
0.123924
0.147737
0.123020
0.123173
0.121044
0.134946
0.165552
0.120637
0.126932
0.122232
0.122333
0.153335
0.128115
0.131917
0.121319
0.119097
0.128518
0.133568
0.121439
0.162473
0.128045
0.137063
0.209198
0.124075
0.126447
0.116481
0.125743
0.180813
0.131297
0.148567
0.151651
0.164218
0.120069
0.137764
0.123509
0.117930
0.120438
0.119807
0.144875
0.131484
0.117094
0.150086
0.119305
0.139510
0.126658
0.114490
0.155113
0.121385
0.140184
0.152846
0.181192
0.118859
0.144308
0.114881
0.124452
0.117757
0.117077
0.139156
0.125224
0.142852
0.121746
0.131396
0.147790
0.122769
0.130143
0.136321
0.125412
0.124506
0.114727
0.139236
0.116106
0.117880
0.118957
0.124203
0.113577
0.145286
0.977261
0.170375
0.182399
0.112353
0.138979
0.155802
0.165862
0.119614
0.122279
0.134432
0.132764
0.136999
0.121615
0.121612
0.117522
0.129748
0.113351
0.129983
0.131944
0.112463
0.186938
0.150363
0.130808
