0.144733
0.153903
0.111819
0.140282
0.106680
0.124352
0.118669
0.126561
0.126771
0.137046
0.116620
0.121662
0.163162
0.181240
0.154310
0.122548
0.126706
0.124906
0.124178
0.123423
0.133773
0.113009
0.139297
0.184688
0.160401
0.127998
0.117174
0.125606
0.156821
0.115795
0.132241
0.155803
0.137495
0.119751
0.119583
0.155545
0.113537
0.117295
0.114133
0.176522
0.158918
0.113997
0.121019
0.139837
0.164100
0.135449
0.126953
0.151103
0.126394
0.151240
0.122562
0.169126
0.112006
0.145202
0.118255
0.124431
0.168983
0.143592
0.132893
0.131895
0.148606
0.161662
0.196357
0.177928
0.139467
0.113133
0.128442
0.131374
0.201488
0.150321
0.188901
0.164655
0.152671
0.116484
0.120503
0.147806
0.151896
0.162938
0.175253
0.190766
0.134274
0.114635
0.119491
0.128622
0.119637
0.114738
0.167852
0.125922
0.142352
0.125552
0.118555
0.152556
0.133736
0.124982
0.149541
0.145117
0.139851
0.124724
0.118779
0.121964
0.150093
0.134434
0.129344
0.122936
0.176261
0.129418
0.128611
0.173494
0.148335
0.160022
0.182147
0.175548
0.113899
0.125476
0.116020
0.134157
0.138065
0.128753
0.124195
0.114898
0.133020
0.132215
0.129035
0.123484
0.132277
0.118574
0.157494
0.154024
0.126957
0.125714
0.124276
0.130768
0.144257
0.129142
0.121119
0.134459
0.144366
0.123288
0.111295
0.127343
0.146398
0.131795
0.122874
0.116167
0.122064
0.143467
0.127433
0.201161
0.123112
0.111635
0.141908
0.113198
0.155630
0.171819
0.139508
0.114546
0.120426
0.148091
0.129703
0.143396
0.115594
0.119760
0.119242
0.195018
0.128372
0.125742
0.120787
0.133486
0.114581
0.125440
0.114711
0.123011
0.130398
0.121371
0.129547
0.122060
0.160826
0.113293
0.120883
0.143474
0.147914
0.110786
0.116539
0.123078
0.132465
0.132132
0.121110
0.171804
0.126290
0.180239
0.119416
0.110949
0.119571
0.110987
0.162885
0.137760
0.121337
0.122389
0.123988
0.117848
0.122545
0.132700
0.129750
0.140534
0.179071
0.983962
0.197163
0.242092
0.151996
0.128855
0.133634
0.124189
0.113629
0.128371
0.136107
0.115004
0.125551
0.195284
0.151908
0.120111
0.139096
0.128611
0.127864
0.129670
0.124400
0.123424
0.158960
0.173001
0.128273
0.124115
0.120255
0.145546
0.131034
0.141293
0.178728
0.178726
0.123903
0.130254
0.134717
0.162431
0.143381
0.145997
0.113594
0.198092
0.109815
0.128115
0.144061
0.119753
0.131400
0.129155
0.126874
0.133468
0.144238
0.120526
0.162702
0.132856
