0.133789
0.111179
0.119769
0.116308
0.130691
0.149941
0.136962
0.141293
0.120748
0.166165
0.118021
0.123793
0.206292
0.132752
0.124373
0.132407
0.125598
0.119177
0.119246
0.126126
0.146277
0.120442
0.117156
0.144691
0.121291
0.115431
0.125367
0.139270
0.131460
0.132155
0.193717
0.151246
0.149839
0.120165
0.117446
0.144916
0.102871
0.163399
0.130654
0.114976
0.105794
0.110301
0.117758
0.114215
0.126816
0.136165
0.118050
0.128584
0.123075
0.135300
0.119138
0.172470
0.143638
0.118918
0.110333
0.135336
0.138235
0.153233
0.128164
0.122292
0.161134
0.190622
0.187833
0.118057
0.127921
0.119833
0.132246
0.131500
0.128842
0.136652
0.126408
0.138938
0.150676
0.114825
0.127995
0.126588
0.130450
0.145750
0.203924
0.163061
0.159190
0.116111
0.116275
0.118200
0.119779
0.113101
0.135837
0.128485
0.130763
0.122402
0.114845
0.132104
0.182477
0.133125
0.126516
0.178711
0.110987
0.128594
0.125476
0.155172
0.123629
0.141343
0.124214
0.185741
0.127868
0.143516
0.140433
0.149678
0.174749
0.176743
0.139471
0.171937
0.121140
0.143637
0.132417
0.128889
0.127576
0.119336
0.127800
0.120494
0.120586
0.113567
0.109615
0.127422
0.118187
0.131486
0.125440
0.126292
0.120746
0.117955
0.132028
0.126644
0.127200
0.123050
0.131750
0.162806
0.139631
0.122078
0.140628
0.129043
0.143958
0.146593
0.144867
0.119295
0.114690
0.123333
0.121879
0.142158
0.127645
0.132020
0.139825
0.134446
0.127153
0.123965
0.124756
0.134354
0.108505
0.129023
0.134745
0.171424
0.126454
0.132639
0.135733
0.129386
0.126384
0.129799
0.157288
0.153967
0.134262
0.163149
0.124411
0.111073
0.138878
0.130921
0.151508
0.164994
0.133124
0.133780
0.135091
0.141351
0.128479
0.112606
0.146229
0.121473
0.121025
0.143928
0.126696
0.158754
0.115224
0.121964
0.130539
0.111525
0.156770
0.142748
0.139041
0.130127
0.104600
0.115795
0.108692
0.120426
0.117231
0.128822
0.129158
0.134040
0.196842
0.109800
0.182511
0.168129
0.119859
0.172038
0.157986
0.167844
0.126359
0.125376
0.119974
0.119186
0.218778
0.164345
0.168342
0.120750
0.149832
0.118796
0.142472
0.124805
0.141774
0.132766
0.126651
0.158356
0.102340
0.153896
0.121498
0.129350
0.153668
0.209486
0.123997
0.115377
0.181800
0.111910
0.152435
0.119213
0.118432
0.180594
0.162271
0.158931
0.124492
0.126341
0.121906
0.132548
0.161096
0.162730
0.145422
0.155933
0.165545
0.144377
0.969546
0.144784
