0.175639
0.170280
0.118685
0.144294
0.130256
0.129664
0.132013
0.128974
0.125637
0.171535
0.119951
0.162473
0.127975
0.187192
0.121351
0.149310
0.122166
0.181880
0.178858
0.134148
0.125282
0.129637
0.111449
0.124055
0.118383
0.171385
0.115155
0.116227
0.136154
0.124839
0.117819
0.131530
0.120010
0.134556
0.146305
0.124846
0.118678
0.113329
0.111990
0.121864
0.116091
0.130272
0.137693
0.162198
0.142292
0.129608
0.230718
0.129602
0.125207
0.118816
0.117986
0.129883
0.137682
0.125122
0.127302
0.124056
0.139192
0.117651
0.123580
0.112756
0.125534
0.113753
0.140627
0.105339
0.121831
0.137078
0.166001
0.155263
0.161601
0.109431
0.126477
0.192271
0.125070
0.139005
0.120162
0.139425
0.116156
0.125989
0.139397
0.147271
0.120619
0.114700
0.194436
0.120321
0.133079
0.118762
0.123300
0.154817
0.106977
0.166827
0.145616
0.143854
0.116849
0.168081
0.119167
0.132626
0.172845
0.126797
0.117139
0.149584
0.166293
0.121716
0.137572
0.134433
0.127294
0.148595
0.118324
0.119954
0.123224
0.168473
0.115197
0.197852
0.120682
0.161447
0.147286
0.138783
0.130432
0.157441
0.108462
0.139758
0.124866
0.152593
0.125412
0.157516
0.149283
0.136816
0.107196
0.147279
0.110730
0.124472
0.122528
0.125336
0.128587
0.131442
0.147335
0.136577
0.128499
0.142133
0.129240
0.115363
0.142805
0.123357
0.138462
0.132327
0.136212
0.125149
0.119987
0.132630
0.132774
0.119782
0.121067
0.131770
0.130663
0.116168
0.124582
0.123991
0.133566
0.119381
0.109680
0.144017
0.125878
0.131138
0.110639
0.115394
0.135164
0.132153
0.122553
0.125554
0.122074
0.125670
0.113318
0.114793
0.114172
0.110196
0.185052
0.208143
0.190311
0.132735
0.140063
0.184027
0.110018
0.120833
0.145825
0.117801
0.134601
0.122401
0.117370
0.125028
0.120323
0.114944
0.125873
0.146436
0.146108
0.116377
0.123946
0.114659
0.111707
0.127267
0.198908
0.134106
0.145513
0.166995
0.170699
0.112531
0.110504
0.189865
0.117340
0.123288
0.191204
0.137722
0.111800
0.118886
0.132419
0.141944
0.129031
0.133676
0.116826
0.130790
0.137033
0.979310
0.137513
0.120737
0.196950
0.158006
0.119401
0.116640
0.106292
0.115703
0.228264
0.178246
0.123754
0.113830
0.174022
0.114487
0.125268
0.138391
0.127088
0.124811
0.177286
0.110725
0.151507
0.110691
0.146008
0.139307
0.193739
0.124644
0.209618
0.130388
0.148343
0.139626
0.154159
0.120424
0.131534
0.115437
0.140373
0.139253
