0.111373
0.119979
0.139248
0.147355
0.111529
0.125282
0.118847
0.120877
0.974149
0.145452
0.107938
0.156856
0.129864
0.135632
0.121520
0.169931
0.115538
0.126904
0.124331
0.118495
0.114885
0.191786
0.115171
0.165153
0.118052
0.119280
0.137522
0.142465
0.116733
0.123915
0.147388
0.146319
0.114449
0.161652
0.126884
0.123448
0.158346
0.124819
0.166822
0.122675
0.124032
0.193588
0.116498
0.116056
0.134341
0.137577
0.124222
0.167668
0.125090
0.112617
0.116632
0.149029
0.184953
0.127240
0.205151
0.192494
0.135869
0.128264
0.145725
0.125820
0.119307
0.165777
0.112247
0.123372
0.132207
0.122886
0.137050
0.143833
0.119182
0.125329
0.147493
0.128746
0.130058
0.124946
0.118124
0.156365
0.126008
0.163139
0.114841
0.157880
0.138619
0.121765
0.114512
0.143162
0.148891
0.127738
0.144612
0.113703
0.125447
0.127553
0.120099
0.115132
0.130661
0.199416
0.156704
0.140793
0.150715
0.168646
0.126927
0.162820
0.147365
0.124004
0.114761
0.103006
0.120634
0.121641
0.120503
0.161677
0.145146
0.133708
0.114086
0.123831
0.176351
0.152144
0.117364
0.136184
0.117533
0.117419
0.152915
0.123568
0.136968
0.119328
0.107313
0.120892
0.211720
0.163049
0.129887
0.127694
0.123794
0.163399
0.133601
0.161271
0.108297
0.142700
0.108683
0.111194
0.122381
0.119990
0.207412
0.167288
0.175599
0.152188
0.111313
0.120805
0.171169
0.169922
0.144290
0.117674
0.222907
0.121252
0.149733
0.202914
0.145453
0.125084
0.135037
0.110875
0.118910
0.118337
0.109526
0.127314
0.108855
0.186184
0.152508
0.115931
0.129070
0.117908
0.189873
0.122721
0.127896
0.136781
0.125034
0.112410
0.135656
0.112276
0.122989
0.176640
0.199002
0.126206
0.131735
0.128197
0.165693
0.162454
0.109391
0.113681
0.152984
0.132289
0.111917
0.126528
0.113224
0.117577
0.111889
0.124451
0.143216
0.157639
0.186326
0.166187
0.121371
0.127443
0.149940
0.140566
0.121630
0.128755
0.124375
0.135197
0.136551
0.124600
0.120721
0.130955
0.135624
0.110996
0.161331
0.131742
0.146177
0.118757
0.117053
0.115860
0.125709
0.124227
0.122136
0.163177
0.141407
0.118436
0.148038
0.128085
0.136366
0.116509
0.137033
0.122535
0.118930
0.133639
0.134577
0.111877
0.128156
0.106913
0.119267
0.123506
0.123034
0.119240
0.154422
0.144699
0.154341
0.122182
0.110189
0.154028
0.130337
0.135855
0.142558
0.112322
0.122901
0.139314
0.126295
0.149763
0.134874
0.192662
0.122651
0.121006
