0.119268
0.105332
0.121012
0.127311
0.128868
0.116487
0.127977
0.128567
0.130401
0.120041
0.131302
0.105988
0.114510
0.164671
0.117268
0.120806
0.125895
0.113465
0.125345
0.116108
0.113040
0.130324
0.136621
0.114113
0.122216
0.117015
0.135951
0.120803
0.129858
0.128106
0.116147
0.115703
0.145271
0.131375
0.127384
0.122748
0.114334
0.113227
0.123516
0.107871
0.107988
0.107002
0.116004
0.124913
0.110801
0.142270
0.117895
0.120377
0.118937
0.125939
0.126307
0.106414
0.123520
0.132599
0.120511
0.131739
0.122995
0.128320
0.114670
0.112899
0.113705
0.121883
0.125610
0.119729
0.114315
0.120218
0.121805
0.113886
0.137289
0.126547
0.126319
0.114271
0.123029
0.117381
0.119285
0.106113
0.124362
0.135579
0.120092
0.123524
0.124326
0.122089
0.133061
0.118662
0.119979
0.119239
0.122533
0.121423
0.129600
0.131517
0.126984
0.112154
0.117728
0.131777
0.125779
0.120281
0.124924
0.117921
0.125473
0.112190
0.126376
0.119657
0.117432
0.127353
0.119824
0.132749
0.114314
0.119146
0.119389
0.125157
0.110090
0.113706
0.121550
0.122768
0.125563
0.114124
0.112669
0.126491
0.104042
0.120000
0.134653
0.111321
0.125774
0.141538
0.120338
0.142239
0.136200
0.132382
0.124349
0.116485
0.115461
0.117417
0.128699
0.112190
0.116538
0.133782
0.115706
0.129375
0.115932
0.113352
0.124421
0.109564
0.118246
0.133752
0.120226
0.127303
0.112276
0.130431
0.126698
0.122121
0.123973
0.107506
0.127941
0.130892
0.120253
0.109876
0.137501
0.106253
0.122025
0.128127
0.117380
0.111057
0.123818
0.118519
0.107383
0.126714
0.122704
0.125447
0.111236
0.118615
0.128798
0.115251
0.114728
0.112171
0.118216
0.131617
0.112158
0.120759
0.119152
0.122599
0.130243
0.117215
0.121992
0.121655
0.121217
0.110943
0.128784
0.115838
0.116999
0.115752
0.130404
0.134488
0.116149
0.124930
0.128120
0.124954
0.115483
0.133784
0.114302
0.117671
0.126125
0.133327
0.109889
0.120067
0.107231
0.119473
0.132450
0.147854
0.123186
0.129400
0.131213
0.115833
0.104875
0.121108
0.130178
0.118366
0.121786
0.112477
0.111142
0.105983
0.122891
0.119674
0.116794
0.116088
0.109984
0.127164
0.134947
0.127389
0.124945
0.111495
0.117909
0.122877
0.127494
0.116334
0.125815
0.125359
0.135290
0.363920
0.128271
0.113658
0.129749
0.115083
0.104155
0.145486
0.133177
0.111882
0.117639
0.106315
0.107752
0.118352
0.107911
0.132021
0.132849
0.145899
0.119523
0.117026
