0.127501
0.125169
0.127500
0.124849
0.130891
0.118493
0.119823
0.133893
0.130019
0.163931
0.123078
0.161800
0.124702
0.109690
0.125021
0.122285
0.133332
0.142112
0.126374
0.112681
0.135528
0.116518
0.167305
0.135717
0.141332
0.146951
0.131464
0.118400
0.123771
0.127979
0.120857
0.159004
0.140009
0.120345
0.116561
0.123180
0.111971
0.132840
0.122624
0.140642
0.134039
0.116992
0.138829
0.178913
0.127952
0.118090
0.123877
0.142359
0.118289
0.156159
0.114130
0.109825
0.117603
0.118580
0.121849
0.131660
0.120523
0.139377
0.118240
0.131575
0.136093
0.124689
0.159969
0.140987
0.133192
0.162383
0.120340
0.180762
0.127851
0.121480
0.131764
0.130769
0.126788
0.119700
0.114188
0.167281
0.122389
0.189114
0.125746
0.192134
0.118785
0.164447
0.126633
0.133914
0.122598
0.115148
0.139884
0.160157
0.114228
0.129641
0.115653
0.114991
0.217979
0.220858
0.159337
0.120347
0.113826
0.110140
0.980308
0.131771
0.127593
0.146158
0.126934
0.124926
0.125149
0.203960
0.135671
0.126602
0.114697
0.135663
0.155721
0.134916
0.155282
0.121834
0.132357
0.134350
0.201050
0.110087
0.151776
0.126281
0.142271
0.122854
0.123799
0.115089
0.116151
0.131956
0.122471
0.205483
0.134001
0.129813
0.123536
0.128215
0.134110
0.165989
0.123337
0.124584
0.130237
0.140616
0.138026
0.125525
0.112161
0.170006
0.124783
0.183164
0.152491
0.112359
0.131409
0.111991
0.132506
0.112381
0.112396
0.233580
0.135908
0.118666
0.136870
0.134012
0.125399
0.105510
0.113524
0.129617
0.124942
0.111824
0.164421
0.131886
0.156743
0.114195
0.128349
0.123029
0.167803
0.121218
0.112305
0.168834
0.129759
0.125153
0.125018
0.126847
0.154408
0.114034
0.147814
0.139034
0.143315
0.120779
0.137912
0.158588
0.109200
0.142780
0.118078
0.155730
0.127820
0.127549
0.114620
0.124410
0.132487
0.119540
0.113811
0.135732
0.118754
0.181463
0.126278
0.116226
0.165370
0.153840
0.106515
0.166164
0.211221
0.117825
0.122819
0.144605
0.138032
0.129620
0.135747
0.173098
0.158468
0.113118
0.165014
0.124846
0.136352
0.143678
0.124275
0.119870
0.112484
0.126473
0.120678
0.135102
0.202662
0.130445
0.120080
0.134232
0.111785
0.122617
0.157623
0.114992
0.110225
0.145339
0.124101
0.176395
0.129602
0.132530
0.127588
0.144469
0.204273
0.124912
0.120377
0.126429
0.146323
0.127822
0.167191
0.150227
0.111401
0.136446
0.122398
0.189577
0.139221
0.157179
0.186375
0.121396
