0.119790
0.118401
0.118727
0.135726
0.113490
0.124936
0.116062
0.129150
0.126779
0.140509
0.112520
0.118818
0.115302
0.123824
0.104546
0.109113
0.125603
0.119757
0.135532
0.115167
0.130702
0.118951
0.120701
0.115348
0.114698
0.120351
0.124413
0.115097
0.110736
0.128766
0.118022
0.112657
0.119117
0.121729
0.119479
0.110975
0.140044
0.118872
0.121585
0.123614
0.112392
0.115626
0.120318
0.123935
0.114550
0.130571
0.133547
0.124479
0.125653
0.112033
0.138380
0.132746
0.114865
0.112024
0.109907
0.120319
0.117267
0.121943
0.131786
0.127259
0.129144
0.317010
0.124625
0.127562
0.109745
0.128958
0.123395
0.132212
0.140367
0.126174
0.113846
0.122612
0.120773
0.139948
0.115445
0.118117
0.122624
0.119157
0.115453
0.117311
0.126837
0.120927
0.122319
0.124191
0.116971
0.123854
0.123148
0.111436
0.139728
0.116863
0.105195
0.105458
0.114682
0.144033
0.117439
0.133041
0.117494
0.131894
0.122973
0.115613
0.120982
0.115408
0.129291
0.130826
0.121702
0.110572
0.128588
0.121986
0.135935
0.127058
0.119024
0.116001
0.116135
0.116077
0.137033
0.128227
0.119433
0.129379
0.129535
0.120222
0.125069
0.120066
0.108150
0.144916
0.138038
0.122671
0.140427
0.125385
0.108910
0.135201
0.128405
0.123073
0.122547
0.107539
0.121600
0.114646
0.111107
0.126235
0.111510
0.125498
0.133942
0.115112
0.113382
0.127052
0.145097
0.125259
0.128428
0.127020
0.119605
0.122181
0.128765
0.119205
0.109278
0.152273
0.116131
0.145641
0.110372
0.138848
0.140107
0.115349
0.123614
0.124117
0.120662
0.115171
0.109240
0.122390
0.132974
0.142093
0.118249
0.114827
0.105495
0.109553
0.133503
0.120514
0.122472
0.117814
0.119611
0.126115
0.117887
0.125788
0.150510
0.114537
0.114983
0.119521
0.144173
0.116303
0.144495
0.122420
0.125617
0.137166
0.114436
0.132427
0.116511
0.109310
0.119511
0.109203
0.124991
0.115017
0.119547
0.111340
0.119546
0.114909
0.130333
0.124385
0.116794
0.117960
0.122851
0.138491
0.118478
0.119604
0.131646
0.105713
0.126799
0.124245
0.117660
0.134358
0.124761
0.107133
0.119411
0.121925
0.124954
0.123586
0.117922
0.105487
0.121242
0.121660
0.135741
0.106791
0.121559
0.125507
0.154374
0.130599
0.110947
0.116991
0.110640
0.122579
0.140305
0.136871
0.117893
0.128863
0.113003
0.121726
0.123766
0.133808
0.126972
0.125937
0.112662
0.122105
0.129678
0.124397
0.118897
0.114619
0.122134
0.125511
0.118925
0.117218
