0.153173
0.117870
0.127296
0.157534
0.117434
0.138046
0.126035
0.113943
0.120213
0.123719
0.109835
0.184461
0.141797
0.153710
0.214843
0.165555
0.137332
0.120015
0.125197
0.973861
0.111506
0.115463
0.129605
0.126193
0.157505
0.149511
0.116176
0.136016
0.131836
0.140314
0.136474
0.121860
0.155073
0.125213
0.125067
0.181032
0.138048
0.134339
0.167665
0.109971
0.154467
0.138389
0.112151
0.118352
0.181382
0.178079
0.115126
0.168924
0.146972
0.107795
0.146161
0.120356
0.167339
0.124381
0.143615
0.186886
0.117676
0.109892
0.126258
0.107902
0.118321
0.116537
0.132802
0.121606
0.151677
0.122716
0.111263
0.125203
0.118692
0.125691
0.138172
0.117898
0.118286
0.119149
0.136134
0.127365
0.120146
0.133863
0.164234
0.153461
0.123936
0.113224
0.133805
0.118345
0.114273
0.111516
0.132572
0.131803
0.116797
0.157772
0.116894
0.126414
0.106984
0.128658
0.160220
0.118775
0.140240
0.115968
0.114308
0.135282
0.135552
0.117615
0.154758
0.143626
0.127700
0.128173
0.118960
0.127271
0.110816
0.141302
0.121384
0.115167
0.156066
0.129752
0.122769
0.113530
0.155824
0.136266
0.142542
0.134968
0.134861
0.115068
0.118167
0.129661
0.132559
0.132546
0.119578
0.132974
0.117278
0.151083
0.115038
0.130979
0.120979
0.118792
0.111142
0.145009
0.139428
0.136947
0.185603
0.158121
0.133294
0.123169
0.124803
0.165502
0.140132
0.180915
0.144064
0.165037
0.126322
0.135722
0.150503
0.134148
0.119546
0.107796
0.118079
0.112358
0.113855
0.105697
0.178132
0.127222
0.141620
0.121128
0.113820
0.140990
0.113240
0.119131
0.146939
0.116665
0.129099
0.137383
0.109498
0.217454
0.138009
0.128386
0.207303
0.108074
0.127887
0.134399
0.129949
0.124575
0.185229
0.126920
0.117589
0.129506
0.139565
0.196187
0.156770
0.125994
0.122129
0.156127
0.126965
0.130053
0.172188
0.132197
0.133576
0.123253
0.123212
0.117053
0.121517
0.136215
0.131498
0.143776
0.117285
0.118169
0.133946
0.124257
0.131575
0.116673
0.184796
0.131429
0.120951
0.139961
0.214519
0.158523
0.124645
0.130366
0.118576
0.154863
0.173904
0.137423
0.113843
0.116960
0.122555
0.128330
0.154270
0.118186
0.125818
0.140419
0.122728
0.114849
0.277070
0.155163
0.123141
0.119912
0.131119
0.110239
0.142889
0.122694
0.124174
0.125845
0.157535
0.129225
0.169091
0.122122
0.144836
0.141686
0.144496
0.135793
0.112462
0.129568
0.127160
0.137310
0.169281
0.112871
0.136466
0.121353
