0.122508
0.112578
0.114654
0.113840
0.115939
0.119815
0.119191
0.112850
0.116365
0.126974
0.116173
0.117382
0.116027
0.130584
0.116430
0.124435
0.118664
0.141774
0.134748
0.123819
0.112869
0.120212
0.122794
0.111280
0.117188
0.118574
0.115110
0.108167
0.110042
0.107699
0.114262
0.123122
0.123931
0.116130
0.129555
0.110478
0.119847
0.116380
0.116774
0.118829
0.129589
0.116705
0.129149
0.110406
0.117055
0.116493
0.109873
0.135949
0.121377
0.135020
0.116248
0.123744
0.121906
0.114827
0.105471
0.111922
0.132596
0.115509
0.114682
0.116180
0.118779
0.129451
0.115635
0.128929
0.125729
0.102372
0.112942
0.120931
0.137924
0.130510
0.115291
0.115005
0.136327
0.114703
0.121105
0.115670
0.118009
0.133283
0.105778
0.122721
0.143293
0.378899
0.129984
0.129957
0.114764
0.129337
0.130785
0.119747
0.105709
0.127326
0.108846
0.113575
0.131367
0.116807
0.137764
0.123350
0.119601
0.133779
0.124248
0.111489
0.113868
0.126394
0.126060
0.123234
0.120760
0.122415
0.123750
0.121680
0.135101
0.131586
0.136490
0.112389
0.117016
0.105341
0.124387
0.131227
0.112346
0.118364
0.113857
0.119916
0.111276
0.128622
0.128013
0.121708
0.116497
0.117650
0.109255
0.113829
0.109798
0.135975
0.122930
0.107691
0.115534
0.116691
0.121811
0.124227
0.121632
0.112297
0.116025
0.120656
0.133029
0.124152
0.119418
0.112617
0.120161
0.112899
0.112555
0.137699
0.124500
0.122303
0.119282
0.115534
0.127368
0.124322
0.107911
0.130295
0.138492
0.119554
0.114564
0.117164
0.115134
0.117081
0.119699
0.136887
0.142408
0.116603
0.125593
0.134741
0.140795
0.111592
0.115273
0.120862
0.122834
0.143441
0.126328
0.124912
0.150437
0.120087
0.127537
0.130927
0.116690
0.130737
0.111602
0.118573
0.119203
0.110562
0.122845
0.105171
0.120991
0.124706
0.114368
0.137166
0.120810
0.106723
0.112334
0.118695
0.108157
0.121777
0.116737
0.108755
0.128837
0.119964
0.118977
0.136364
0.132353
0.114085
0.130518
0.113428
0.115165
0.129887
0.129611
0.121833
0.113530
0.115459
0.119644
0.131065
0.126060
0.130108
0.113449
0.131218
0.109044
0.129828
0.152268
0.105177
0.129157
0.113943
0.140935
0.115760
0.112842
0.146938
0.122394
0.123332
0.131022
0.126662
0.112521
0.128208
0.112982
0.132432
0.118738
0.132120
0.122643
0.116513
0.120532
0.111198
0.116720
0.134446
0.115873
0.128300
0.119353
0.111918
0.126566
0.109767
0.119320
0.111627
0.134968
0.115654
