0.102839
0.123469
0.149789
0.140384
0.120087
0.119306
0.140788
0.148538
0.137893
0.160166
0.150025
0.172231
0.130369
0.151777
0.118732
0.191072
0.149204
0.157326
0.116189
0.126143
0.130584
0.168329
0.148940
0.134017
0.116565
0.122141
0.133225
0.124898
0.117269
0.144104
0.128386
0.128759
0.150177
0.122944
0.130375
0.135492
0.129029
0.119347
0.167820
0.129611
0.131489
0.207355
0.121846
0.158339
0.127041
0.151271
0.138913
0.133725
0.131296
0.126545
0.143070
0.127487
0.128074
0.113221
0.159352
0.121262
0.149575
0.124937
0.113812
0.131477
0.126028
0.130183
0.122169
0.120180
0.154001
0.154942
0.107339
0.175594
0.123724
0.163713
0.120210
0.123196
0.171548
0.131087
0.122426
0.117224
0.134796
0.118440
0.127081
0.145039
0.110541
0.163193
0.122470
0.115163
0.159069
0.179145
0.108271
0.129551
0.144234
0.111235
0.114224
0.137559
0.136241
0.119331
0.163744
0.125051
0.173427
0.148270
0.115542
0.132436
0.207846
0.117641
0.118304
0.130579
0.121796
0.132039
0.123875
0.164896
0.121198
0.133081
0.124806
0.199610
0.150437
0.133287
0.186833
0.108528
0.134272
0.144181
0.188915
0.109706
0.129559
0.122600
0.141054
0.198129
0.117333
0.127112
0.135209
0.125062
0.189277
0.115651
0.121109
0.164888
0.129093
0.125164
0.154001
0.117087
0.138774
0.147208
0.120173
0.158327
0.126562
0.115077
0.114788
0.146833
0.136074
0.149326
0.164458
0.126649
0.113734
0.163609
0.134261
0.133757
0.110752
0.122287
0.140788
0.190670
0.135258
0.123512
0.153220
0.133682
0.157674
0.118344
0.147219
0.150883
0.138465
0.130320
0.107500
0.149308
0.189874
0.162984
0.127900
0.127254
0.119255
0.107327
0.128123
0.117352
0.175298
0.142526
0.131783
0.123505
0.174106
0.162372
0.130732
0.175610
0.134911
0.117885
0.124979
0.114682
0.141900
0.121424
0.116343
0.133537
0.127978
0.221630
0.162808
0.151134
0.115458
0.128427
0.117465
0.121990
0.130219
0.163978
0.201715
0.143146
0.129600
0.149470
0.152444
0.121403
0.138994
0.127125
0.145206
0.147769
0.241683
0.140872
0.137708
0.170862
0.116089
0.169351
0.132107
0.133803
0.974037
0.122365
0.119308
0.131912
0.140047
0.115936
0.189652
0.193364
0.120139
0.136908
0.119983
0.119418
0.140323
0.197531
0.131468
0.112675
0.121937
0.116331
0.113214
0.217464
0.154039
0.136482
0.190851
0.164856
0.215943
0.106612
0.129220
0.130579
0.112065
0.123974
0.136476
0.154935
0.180984
0.129394
0.120908
0.149383
